Pedestrian 0.0 0 1.737254023551941 352.196044921875 149.73065185546875 397.1451110839844 229.8496856689453 1.1181427 1.9170488 0.88839644 -5.8624682 1.3641227 17.881155 1.4204399585723877 0.2987785339355469
Pedestrian 0.0 0 -1.886141300201416 118.33464813232422 189.23162841796875 151.70437622070312 246.86805725097656 0.8635443 1.688172 0.60824335 -14.482523 2.1977725 21.92585 -2.4698784351348877 0.2696983814239502
Pedestrian 0.0 0 -1.2539106607437134 440.4390563964844 175.6791534423828 469.7605895996094 233.53427124023438 0.8451899 1.7995067 0.6836466 -4.963374 1.8914806 22.939976 -1.4669897556304932 0.20137175917625427
Pedestrian 0.0 0 3.1411800384521484 170.1581573486328 181.7874298095703 203.087890625 246.89306640625 0.7876906 1.7751471 0.65801793 -11.949021 2.0326943 20.286556 2.608879327774048 0.17564637959003448
Pedestrian 0.0 0 1.322443962097168 342.4002685546875 167.40843200683594 383.1141052246094 236.6384735107422 1.0479422 1.7482024 0.77088994 -6.5206833 1.6110488 18.867136 0.9896848201751709 0.14266690611839294
Pedestrian 0.0 0 -3.061148166656494 558.1026611328125 168.1428680419922 575.8876342773438 198.16259765625 1.0139455 1.7680756 0.5266176 -2.579774 1.4909616 42.76729 -3.12139630317688 0.13162222504615784
Car 0.0 0 -1.5302939414978027 673.331298828125 168.4577178955078 711.5901489257812 203.8728790283203 3.5794156 1.4822605 1.5482844 3.6704817 1.2986177 32.083855 -1.416386365890503 0.8412858843803406
Car 0.0 0 1.9104706048965454 592.2697143554688 175.4834747314453 641.39404296875 202.16253662109375 3.9894793 1.4129775 1.5346149 0.40595147 1.5697082 40.76949 1.9204275608062744 0.7468611001968384
Car 0.0 0 1.8483219146728516 613.9854736328125 166.05810546875 658.71533203125 195.58389282226562 4.481866 1.8522829 1.7942924 1.7677519 1.426304 47.671074 1.8853871822357178 0.3018891513347626
Car 0.0 0 1.543212652206421 629.184326171875 163.86839294433594 650.4884643554688 186.2545166015625 3.803223 1.7924525 1.6509333 2.41644 1.0733347 59.68275 1.5836786031723022 0.1399303674697876
