Pedestrian 0.0 0 0.26565468311309814 987.5408325195312 145.0242462158203 1108.89501953125 327.3609619140625 0.9349273 1.7759215 0.71467197 4.6588097 1.4220259 7.579195 0.8168013095855713 0.8067807555198669
Pedestrian 0.0 0 1.4755722284317017 685.4269409179688 169.00473022460938 708.6456298828125 222.5867156982422 1.0398946 1.7755346 0.6811068 3.205764 1.362567 24.332487 1.606566071510315 0.6598266959190369
Pedestrian 0.0 0 -1.818864107131958 537.0009765625 167.62789916992188 560.7859497070312 222.87176513671875 0.91014683 1.7587541 0.5642212 -1.7422078 1.3182205 23.387447 -1.893220067024231 0.6572191119194031
Pedestrian 0.0 0 -3.2231388092041016 1106.066162109375 128.66378784179688 1155.3194580078125 239.21302795410156 0.59737635 1.7320931 0.55365115 8.525135 0.90555 11.644474 -2.5911803245544434 0.6176314353942871
Pedestrian 0.0 0 1.744748592376709 728.46533203125 160.6460723876953 773.6121215820312 259.1119384765625 0.9257693 1.794728 0.69267726 2.812627 1.4158926 13.6483135 1.9479821920394897 0.5032642483711243
Pedestrian 0.0 0 1.3534003496170044 848.369140625 145.83425903320312 938.54736328125 337.85662841796875 0.69048256 1.716745 0.6529997 2.6959352 1.3992616 6.8122416 1.7302364110946655 0.4606853723526001
Pedestrian 0.0 0 2.556928873062134 961.3119506835938 133.84059143066406 1025.940185546875 261.3279724121094 0.5870699 1.7738091 0.5860274 5.573681 1.1120145 10.309972 3.052534818649292 0.3906897008419037
Pedestrian 0.0 0 2.280949592590332 7.038262367248535 187.0432891845703 55.911312103271484 254.6301727294922 0.71450037 1.6817367 0.6734314 -14.545116 1.8270184 18.301968 1.6094305515289307 0.3329816162586212
Pedestrian 0.0 0 -3.4188778400421143 922.3446044921875 179.87567138671875 982.082763671875 285.12994384765625 0.79385215 1.795911 0.6541914 6.1183667 1.769477 12.644709 -2.968219041824341 0.28990834951400757
Pedestrian 0.0 0 -1.4317998886108398 813.849609375 147.8721160888672 837.4822387695312 200.40557861328125 0.8515115 1.8268996 0.691062 7.945348 0.6585241 25.51065 -1.1298699378967285 0.2509317100048065
Pedestrian 0.0 0 1.7543492317199707 351.02337646484375 165.98800659179688 403.27911376953125 267.5239562988281 1.9051284 1.7707958 0.60386056 -4.222447 1.501542 13.506964 1.4513617753982544 0.1290559619665146
Cyclist 0.0 0 1.7543492317199707 351.02337646484375 165.98800659179688 403.27911376953125 267.5239562988281 1.9051284 1.7707958 0.60386056 -4.222447 1.501542 13.506964 1.4513617753982544 0.3247860372066498
Cyclist 0.0 0 0.40524518489837646 512.2199096679688 159.82562255859375 546.0864868164062 191.5618896484375 1.8320065 1.776459 0.5793834 -4.1018906 0.56402785 40.758026 0.3049428462982178 0.28890568017959595
Cyclist 0.0 0 -2.671412229537964 464.5242919921875 167.1204833984375 528.1915283203125 223.8645477294922 1.8781829 1.7161043 0.6237591 -3.2921872 1.2823468 22.316305 -2.8178796768188477 0.2529146075248718
Cyclist 0.0 0 -1.2009423971176147 445.4095153808594 168.31295776367188 490.3283386230469 238.33192443847656 1.8105091 1.8254046 0.5981726 -3.662817 1.4827882 19.669395 -1.3850526809692383 0.23687458038330078
Car 0.0 0 2.278254270553589 0.0 188.5706787109375 410.78375244140625 374.0 4.023937 1.5395186 1.618955 -2.7382426 1.60311 4.216679 1.7023124694824219 0.8832160830497742
Car 0.0 0 1.775765299797058 472.2007751464844 181.32882690429688 539.33349609375 225.02015686035156 4.336925 1.4879246 1.6183048 -3.4768171 1.4831691 26.683805 1.6461983919143677 0.3065580725669861
Car 0.0 0 -0.20303133130073547 810.5064697265625 145.96759033203125 942.7947998046875 191.37115478515625 4.1854587 1.558228 1.6330569 9.7539015 0.339844 25.787052 0.1585838794708252 0.30509793758392334
Car 0.0 0 3.012925386428833 203.43490600585938 157.33126831054688 320.87762451171875 200.2520294189453 3.9345865 1.5569693 1.6393989 -13.123602 0.68128514 27.806572 2.571959972381592 0.2980974018573761
Car 0.0 0 3.4996657371520996 2.4371252059936523 207.69757080078125 107.28005981445312 242.67845153808594 3.6339352 1.4996843 1.5476779 -25.749445 2.7847152 33.945942 2.850719690322876 0.25329193472862244
Car 0.0 0 -2.447862386703491 570.1005249023438 182.27061462402344 626.1216430664062 204.79844665527344 3.814989 1.5295799 1.5963 -0.24388894 1.5865549 50.722275 -2.4526705741882324 0.2374451905488968
