Pedestrian 0.0 0 1.649829387664795 648.8738403320312 171.46583557128906 660.5006713867188 199.69448852539062 1.6791236 1.7086419 0.5876233 2.732615 1.6249759 44.54337 1.7110998630523682 0.27178844809532166
Cyclist 0.0 0 1.649829387664795 648.8738403320312 171.46583557128906 660.5006713867188 199.69448852539062 1.6791236 1.7086419 0.5876233 2.732615 1.6249759 44.54337 1.7110998630523682 0.4740540385246277
Car 0.0 0 -1.3043283224105835 351.9670104980469 185.53587341308594 536.3959350585938 317.2490234375 3.83336 1.4939728 1.6164569 -2.2327275 1.7137023 10.518614 -1.5134882926940918 0.9644928574562073
Car 0.0 0 -1.6691380739212036 724.2870483398438 183.73321533203125 802.0774536132812 254.46229553222656 3.0480444 1.542342 1.5651592 3.6485865 1.8354944 17.819359 -1.4671754837036133 0.9425751566886902
Car 0.0 0 2.280555009841919 0.0 182.06649780273438 342.0485534667969 375.0 3.6564991 1.5400434 1.5827373 -2.8520002 1.6083546 3.4739773 1.5931628942489624 0.8653075695037842
Car 0.0 0 -2.8586268424987793 387.21807861328125 180.442138671875 518.2958374023438 225.88409423828125 4.012585 1.4442369 1.5558562 -5.250404 1.7081999 24.148642 -3.0727152824401855 0.8551668524742126
Car 0.0 0 1.627681016921997 562.7694091796875 172.85427856445312 610.176513671875 216.557861328125 4.0937023 1.6998042 1.7479376 -0.95744294 1.7001747 30.128872 1.5959134101867676 0.8224623799324036
Car 0.0 0 -1.6442515850067139 713.8397216796875 186.0830841064453 776.5674438476562 240.75656127929688 3.793416 1.4890949 1.6324152 4.0991063 1.9395938 22.57623 -1.4646408557891846 0.8205263018608093
Car 0.0 0 -2.3474748134613037 896.0936889648438 182.86074829101562 1242.0 375.0 3.7274332 1.5731641 1.6087044 2.4747677 1.6341511 2.502708 -1.5676900148391724 0.6642946600914001
Car 0.0 0 -1.3830124139785767 591.0485229492188 178.5504150390625 633.922119140625 209.02113342285156 3.7924926 1.4937693 1.5867977 0.14562194 1.8111023 38.13441 -1.3791937828063965 0.6023722290992737
Car 0.0 0 1.5009326934814453 684.8956909179688 179.53939819335938 710.807861328125 201.5066680908203 4.1055903 1.5628376 1.660286 6.5958323 2.0893815 54.695312 1.6209454536437988 0.5710216164588928
