Pedestrian 0.0 0 1.2237098217010498 793.2443237304688 154.13282775878906 841.69580078125 250.18679809570312 0.809153 1.7580869 0.63623405 4.028168 1.2584484 13.567629 1.5123159885406494 0.8736269474029541
Pedestrian 0.0 0 1.7640323638916016 549.2874145507812 167.0963592529297 575.825439453125 223.48001098632812 0.8987066 1.7391499 0.67733705 -1.2452538 1.2959838 22.646132 1.7091002464294434 0.732245922088623
Pedestrian 0.0 0 2.604083299636841 938.5734252929688 154.88186645507812 1030.257080078125 296.9903869628906 0.843764 1.7515637 0.6006828 4.828141 1.4248201 9.173531 3.0885584354400635 0.7089318633079529
Pedestrian 0.0 0 2.4634013175964355 573.1915893554688 165.26339721679688 611.1486206054688 235.17604064941406 0.72829735 1.6874329 0.5950394 -0.26332462 1.2967364 17.796865 2.448606252670288 0.7035493850708008
Pedestrian 0.0 0 -1.4270458221435547 467.5496520996094 181.9944305419922 504.3309631347656 260.9422912597656 0.90483063 1.5884681 0.633741 -2.4246492 1.6002787 14.914079 -1.5882103443145752 0.6978316903114319
Pedestrian 0.0 0 2.0292916297912598 130.6481475830078 165.4599151611328 293.23773193359375 374.0 0.9129705 1.6530085 0.6217829 -2.6167345 1.5571046 4.823832 1.532256007194519 0.6550144553184509
Pedestrian 0.0 0 2.54935359954834 513.9088745117188 162.47027587890625 549.5909423828125 228.06240844726562 0.7798529 1.7535003 0.5836445 -1.9393723 1.2459347 19.67424 2.451096773147583 0.630815327167511
Pedestrian 0.0 0 1.8790241479873657 700.4984130859375 152.8555145263672 731.0585327148438 212.5194549560547 0.9041541 1.7432323 0.66339713 3.405857 0.90744454 21.538174 2.0358567237854004 0.5729992985725403
Pedestrian 0.0 0 0.370090126991272 212.54708862304688 167.84127807617188 307.65789794921875 331.6995849609375 0.7369975 1.6386213 0.58619225 -3.5932992 1.5033984 7.501349 -0.07663337141275406 0.5721017718315125
Pedestrian 0.0 0 1.6321356296539307 539.9979858398438 165.6753692626953 554.2935180664062 205.80271911621094 0.625674 1.8612323 0.63137543 -2.5497243 1.1281598 33.633335 1.5564708709716797 0.4756730794906616
Pedestrian 0.0 0 1.636225938796997 606.6775512695312 166.712890625 623.4603271484375 210.4300994873047 0.8241891 1.7979691 0.6492523 0.5574001 1.1908035 29.978426 1.6548172235488892 0.4641910493373871
Pedestrian 0.0 0 1.9961577653884888 573.5966186523438 163.90591430664062 595.9821166992188 207.58924865722656 0.8604097 1.8208634 0.65330756 -0.7172088 1.0884656 30.463612 1.9726189374923706 0.4498244524002075
Pedestrian 0.0 0 1.5233222246170044 596.2598266601562 166.47991943359375 612.2659912109375 210.14173889160156 0.80748427 1.7307664 0.60440236 0.09169512 1.1363723 28.889105 1.5264962911605835 0.39888790249824524
Pedestrian 0.0 0 2.5022947788238525 782.29052734375 176.25978088378906 814.1614990234375 239.45973205566406 0.5852097 1.6402345 0.5757496 5.174363 1.5054077 19.015211 2.7679786682128906 0.3855143189430237
Pedestrian 0.0 0 -1.0070786476135254 207.63467407226562 163.6140594482422 247.53952026367188 235.72227478027344 0.81137365 1.8212938 0.5713895 -9.687443 1.3707161 18.568882 -1.487937569618225 0.34381571412086487
Pedestrian 0.0 0 1.6804263591766357 425.90863037109375 169.29074096679688 477.3837585449219 294.866943359375 1.6482956 1.720254 0.57738245 -2.2426364 1.554323 10.686053 1.4735627174377441 0.28363290429115295
Pedestrian 0.0 0 1.936012864112854 557.1068115234375 163.80030822753906 582.8530883789062 205.35667419433594 1.6169192 1.6288843 0.49595258 -1.2751589 0.93612134 28.999361 1.8920692205429077 0.16300387680530548
Cyclist 0.0 0 1.678792119026184 425.63739013671875 169.46217346191406 478.6751403808594 298.33642578125 1.7891026 1.7519182 0.58721334 -2.2305539 1.5895993 10.681397 1.4729245901107788 0.6290910243988037
Cyclist 0.0 0 -0.9800181984901428 650.3470458984375 182.5216064453125 685.908447265625 231.0791015625 1.5928177 1.6142523 0.39737934 2.2773323 1.651431 24.651917 -0.8879001140594482 0.3659217953681946
Cyclist 0.0 0 1.936012864112854 557.1068115234375 163.80030822753906 582.8530883789062 205.35667419433594 1.6169192 1.6288843 0.49595258 -1.2751589 0.93612134 28.999361 1.8920692205429077 0.28508222103118896
Cyclist 0.0 0 1.9995179176330566 573.1614379882812 163.82192993164062 596.4552612304688 207.89134216308594 0.91167045 1.8329713 0.6690441 -0.71510655 1.0986729 30.425777 1.9760189056396484 0.13154932856559753
Cyclist 0.0 0 2.071547031402588 119.76969146728516 162.6865692138672 291.3158874511719 374.0 0.94446594 1.67812 0.62029505 -2.6222994 1.5671362 4.7620997 1.5681968927383423 0.10569543391466141
