Car 0.0 0 -1.3588438034057617 344.870361328125 188.2061767578125 423.43255615234375 237.84219360351562 3.963766 1.408035 1.561213 -6.985377 1.512013 22.676369 -1.6576663255691528 0.9655035734176636
Car 0.0 0 -1.5158146619796753 660.8478393554688 181.75770568847656 725.198974609375 241.47842407226562 3.4635098 1.6634518 1.7557118 2.6221106 1.568265 21.87686 -1.3965259790420532 0.957655131816864
Car 0.0 0 -1.2271602153778076 209.6601104736328 188.8309326171875 366.43048095703125 278.48773193359375 3.9765453 1.5666207 1.6718215 -6.392269 1.6522524 14.759974 -1.635855793952942 0.9440137147903442
Car 0.0 0 1.7174673080444336 745.138671875 181.43385314941406 778.6735229492188 205.4123077392578 4.0008435 1.5905493 1.7089926 10.706968 1.3408228 49.85275 1.929025411605835 0.6800516247749329
Car 0.0 0 -2.0534675121307373 306.2672424316406 190.47671508789062 373.6407165527344 225.59193420410156 3.356878 1.497787 1.4918529 -12.294296 1.7515106 32.8349 -2.411736249923706 0.4171079993247986
Car 0.0 0 0.4774652123451233 819.7859497070312 153.14456176757812 925.0658569335938 190.24742126464844 4.341645 1.6341361 1.7241906 12.352463 0.2227454 33.83871 0.82747483253479 0.3707820475101471
Car 0.0 0 1.3873624801635742 814.7443237304688 174.06716918945312 858.30224609375 204.18885803222656 4.2281365 1.6639262 1.665562 13.2435255 1.0492116 41.90601 1.693459391593933 0.3161011040210724
Car 0.0 0 2.2380430698394775 223.9287567138672 193.1838836669922 333.4687805175781 239.2662811279297 3.688081 1.4263924 1.4825239 -11.314906 1.7253257 24.895037 1.8114495277404785 0.26488858461380005
Car 0.0 0 1.6801024675369263 444.713134765625 183.9212646484375 485.1685485839844 215.33802795410156 3.8966117 1.483635 1.5697303 -7.118649 1.4236375 35.952324 1.4846283197402954 0.2585607171058655
Car 0.0 0 2.3119637966156006 0.0 26.273561477661133 203.76693725585938 376.0 4.4168973 1.6228164 1.7095865 -4.9274397 1.00275 5.0410624 1.5379632711410522 0.2576449513435364
Car 0.0 0 2.311373710632324 274.8758850097656 196.45103454589844 342.86688232421875 224.82481384277344 3.221069 1.439336 1.7562479 -16.484001 2.0895333 39.711323 1.9179219007492065 0.25635671615600586
Car 0.0 0 1.4925931692123413 396.3558349609375 186.739501953125 425.20458984375 207.45162963867188 4.325713 1.4498339 1.7114877 -14.572362 1.5682117 52.9826 1.224189281463623 0.2455226629972458
Car 0.0 0 1.6265308856964111 457.7290344238281 175.06744384765625 490.5424499511719 204.43753051757812 4.181076 1.58924 1.6142313 -7.6129055 1.0412413 41.07033 1.4432485103607178 0.24249552190303802
Car 0.0 0 -1.5749062299728394 558.3687744140625 179.3815155029297 587.1851806640625 206.39547729492188 3.7464364 1.5102952 1.610979 -2.0856326 1.1852491 42.099663 -1.624406099319458 0.23566365242004395
