Pedestrian 0.0 0 1.913948655128479 594.5597534179688 170.9885711669922 620.5098876953125 225.071533203125 0.73960495 1.8530339 0.6988916 0.1938175 1.4939545 25.07694 1.9216774702072144 0.5198012590408325
Pedestrian 0.0 0 -1.5852739810943604 768.6649780273438 201.2201690673828 816.5015869140625 318.6686706542969 0.7338585 1.6235373 0.6533203 2.7417402 1.9252831 10.507182 -1.3300260305404663 0.3938688337802887
Pedestrian 0.0 0 0.5644168257713318 0.0 143.9170684814453 46.58378982543945 243.98959350585938 0.53402734 1.7741091 0.50243294 -10.546359 1.1091033 13.012786 -0.11667048186063766 0.36904290318489075
Pedestrian 0.0 0 0.9055602550506592 417.76629638671875 171.89553833007812 482.79608154296875 289.76031494140625 0.6041741 1.6897724 0.73959947 -2.3074634 1.5533922 10.773298 0.6945645809173584 0.2882011830806732
Pedestrian 0.0 0 0.8834113478660583 1151.4940185546875 74.17021942138672 1238.0 269.1834716796875 0.75254625 1.8017044 0.6140597 5.917397 0.8114741 7.0143466 1.5841859579086304 0.27503371238708496
Pedestrian 0.0 0 1.4939934015274048 790.5174560546875 185.78271484375 830.1078491210938 282.5077819824219 0.6821907 1.5328133 0.5706177 3.3806145 1.6068375 11.8069 1.772857904434204 0.22177885472774506
Pedestrian 0.0 0 1.3627389669418335 744.7275390625 198.17288208007812 797.4100952148438 305.8121337890625 1.5065345 1.612456 0.52931607 2.7050977 1.9041269 11.750773 1.5890029668807983 0.20172712206840515
Pedestrian 0.0 0 1.3905365467071533 756.7462768554688 154.22116088867188 781.4271850585938 211.73268127441406 1.2312158 1.7836752 0.5511633 5.3089542 0.93875444 22.903994 1.6183059215545654 0.1974104344844818
Pedestrian 0.0 0 -0.6473149657249451 1027.3687744140625 208.21945190429688 1161.780029296875 374.0 0.58715147 1.639956 0.58608055 3.5870934 1.8514131 5.335943 -0.05545620992779732 0.16755732893943787
Pedestrian 0.0 0 -0.2107974737882614 703.4741821289062 158.988525390625 735.4655151367188 218.1007843017578 0.8443757 1.7530288 0.58742076 3.5177057 1.086558 21.614502 -0.04946448281407356 0.16038742661476135
Cyclist 0.0 0 1.3511279821395874 743.5143432617188 198.1713409423828 798.0988159179688 308.03680419921875 1.5487398 1.6437107 0.5347818 2.7003114 1.9358897 11.755805 1.5769116878509521 0.34209731221199036
Cyclist 0.0 0 1.3839161396026611 756.056396484375 154.04505920410156 782.2164916992188 212.5880126953125 1.359671 1.8096019 0.56525797 5.3060308 0.96206367 22.89242 1.611675500869751 0.1625833511352539
Cyclist 0.0 0 0.8830826282501221 1144.245849609375 71.97500610351562 1238.0 271.0395202636719 0.9078704 1.8180656 0.6379746 5.913933 0.81914675 7.0159097 1.5834589004516602 0.10718386620283127
Car 0.0 0 1.9743655920028687 709.904052734375 160.0477752685547 751.8510131835938 185.29566955566406 3.4762974 1.8559068 1.9398972 9.919478 0.2796018 54.78536 2.1534857749938965 0.520004153251648
Car 0.0 0 -0.38693416118621826 600.0269775390625 172.9301300048828 693.5711669921875 204.9082489013672 4.3031116 1.5226582 1.7388029 2.2385993 1.1155069 35.711086 -0.324329674243927 0.244110569357872
Car 0.0 0 1.0970113277435303 817.4569702148438 155.0882110595703 929.6727294921875 210.3915557861328 3.7489212 1.4887036 1.54732 7.8981953 0.77888924 21.286924 1.4523013830184937 0.18750151991844177
