Pedestrian 0.0 0 -0.08297669887542725 1016.9842529296875 171.83753967285156 1043.67041015625 222.89210510253906 0.7488887 1.7537011 0.7211726 14.667924 1.7191443 25.268026 0.4429762363433838 0.4100574851036072
Pedestrian 0.0 0 1.9807060956954956 1120.5443115234375 162.7151336669922 1153.1871337890625 225.92025756835938 0.4102026 1.8586504 0.68284655 15.733215 1.5608584 21.613525 2.6099345684051514 0.378193736076355
Pedestrian 0.0 0 1.4905647039413452 1140.78076171875 149.82215881347656 1181.435546875 239.6864013671875 0.52943397 1.7615747 0.60856664 11.03688 1.3104483 14.528289 2.1402335166931152 0.30616846680641174
Pedestrian 0.0 0 1.6353440284729004 585.3323974609375 155.2682342529297 600.7904663085938 197.42974853515625 0.5817177 1.9357235 0.6808533 -0.8212904 1.128682 33.428802 1.6107805967330933 0.29887208342552185
Pedestrian 0.0 0 -0.3648753762245178 1075.08056640625 147.1285400390625 1113.1884765625 200.6232452392578 0.89983404 1.8129929 0.70148015 16.648176 0.94148755 24.89307 0.2245941162109375 0.23986013233661652
Pedestrian 0.0 0 2.343248128890991 1066.6517333984375 144.9210205078125 1114.5294189453125 229.3062744140625 0.6400756 1.7762552 0.57418317 10.290703 1.1886418 15.533479 2.9283504486083984 0.2338041067123413
Pedestrian 0.0 0 -0.5769011378288269 1146.6307373046875 111.68824768066406 1230.1536865234375 245.0814971923828 0.7416546 1.7123163 0.43564412 7.5578685 0.9275136 9.511208 0.09455537796020508 0.19802767038345337
Pedestrian 0.0 0 -0.5009515881538391 590.8162231445312 169.0611572265625 609.8651733398438 210.5546875 0.60062116 1.7873766 0.63368237 -0.4640485 1.6243539 31.501963 -0.5156813263893127 0.1863301396369934
Pedestrian 0.0 0 0.9287967681884766 1111.2265625 137.57151794433594 1161.0927734375 193.21385192871094 1.3877296 1.8010278 0.63697517 17.470856 0.6593644 24.05013 1.5570448637008667 0.18363144993782043
Pedestrian 0.0 0 -0.4772228002548218 820.4871215820312 165.91058349609375 862.4097900390625 235.2930908203125 0.82722044 1.7320997 0.61315936 5.841939 1.5591191 18.38205 -0.16951066255569458 0.164218008518219
Pedestrian 0.0 0 1.1572799682617188 855.0897827148438 164.2689971923828 903.5119018554688 245.70156860351562 0.8382873 1.7561437 0.72847724 5.908525 1.5713606 15.997797 1.5110737085342407 0.1640714406967163
Pedestrian 0.0 0 1.0173709392547607 978.1023559570312 177.55438232421875 1049.3953857421875 298.81597900390625 0.9349053 1.800043 0.5569137 6.2075987 1.8766756 11.225563 1.5225051641464233 0.15248672664165497
Pedestrian 0.0 0 2.107743740081787 1180.824462890625 177.7012481689453 1230.701904296875 261.28277587890625 0.587128 1.6305754 0.54887754 11.895747 1.7305821 14.472792 2.795719623565674 0.15060773491859436
Pedestrian 0.0 0 -1.7627397775650024 1182.0828857421875 156.19485473632812 1219.839599609375 226.96942138671875 0.53646773 1.7971257 0.666459 15.269742 1.3744707 18.712637 -1.0783112049102783 0.14268116652965546
Pedestrian 0.0 0 -1.1321038007736206 436.22430419921875 158.54141235351562 452.2489929199219 191.38751220703125 0.7115249 1.9160423 0.6831802 -9.796875 1.0814905 42.5071 -1.3586244583129883 0.12311611324548721
Pedestrian 0.0 0 -0.0878470242023468 501.18450927734375 144.55398559570312 521.5313720703125 195.97735595703125 0.6937472 1.8790507 0.62713885 -3.703573 0.84530395 26.74599 -0.22544410824775696 0.12264370918273926
Cyclist 0.0 0 -2.003021240234375 1127.3203125 195.58807373046875 1242.0 375.0 1.6292772 1.6611811 0.59429646 5.9867764 1.9230797 7.435633 -1.3251497745513916 0.23387202620506287
Cyclist 0.0 0 2.38020920753479 960.1509399414062 164.19752502441406 1004.0283203125 212.64830017089844 1.3138897 1.6792154 0.61905205 13.097192 1.3795561 25.487097 2.8548953533172607 0.16944600641727448
Cyclist 0.0 0 0.9287967681884766 1111.2265625 137.57151794433594 1161.0927734375 193.21385192871094 1.3877296 1.8010278 0.63697517 17.470856 0.6593644 24.05013 1.5570448637008667 0.12601511180400848
Cyclist 0.0 0 -0.32059013843536377 1015.2026977539062 172.01918029785156 1045.9488525390625 222.8185577392578 0.731559 1.7474072 0.74380136 14.669014 1.7190485 25.255589 0.20560884475708008 0.1158338263630867
Car 0.0 0 -1.7898913621902466 686.4977416992188 182.81504821777344 806.9873046875 265.88134765625 4.170951 1.4766145 1.6140629 2.7076578 1.7196008 15.452145 -1.6164238452911377 0.9619776606559753
