Pedestrian 0.0 0 -3.2928802967071533 781.8140258789062 131.43113708496094 805.9277954101562 187.33309936523438 0.7098832 1.8608724 0.55892783 6.230407 0.071615726 24.2392 -3.041288137435913 0.12326006591320038
Pedestrian 0.0 0 -1.9064534902572632 696.8118896484375 161.9579620361328 716.8646240234375 202.98033142089844 0.9107323 1.8198847 0.62907726 4.425823 0.78922784 32.39575 -1.770676612854004 0.11209338158369064
Cyclist 0.0 0 -1.6810402870178223 641.9989013671875 178.62725830078125 658.793701171875 227.08168029785156 1.6558292 1.6379441 0.40210727 1.4412991 1.4163615 25.133692 -1.6237577199935913 0.47178366780281067
Car 0.0 0 -1.5772603750228882 560.719970703125 175.27394104003906 629.757080078125 233.80543518066406 3.4850593 1.4200544 1.6769794 -0.39648563 1.179985 19.201273 -1.5979063510894775 0.9476674199104309
Car 0.0 0 -1.4586825370788574 498.0728454589844 178.82688903808594 544.392333984375 213.49635314941406 3.9144733 1.3945835 1.5470111 -3.6891427 1.1387248 30.874754 -1.5776060819625854 0.49922052025794983
Car 0.0 0 -1.4268171787261963 519.375732421875 174.2081298828125 559.9928588867188 205.23483276367188 3.8902385 1.5746125 1.6230973 -3.618539 1.0171075 38.461704 -1.520622730255127 0.45574384927749634
Car 0.0 0 -1.4329782724380493 471.72308349609375 181.8323211669922 536.9929809570312 228.30638122558594 4.211033 1.4459592 1.631128 -3.4653018 1.3418225 24.469997 -1.5736571550369263 0.37087878584861755
Car 0.0 0 -2.488948345184326 614.6280517578125 170.70884704589844 686.0321655273438 199.23056030273438 4.228575 1.6905495 1.7542466 2.5840971 0.8318258 44.64835 -2.431136131286621 0.13012443482875824
Car 0.0 0 -1.7319786548614502 524.3372802734375 174.1812286376953 559.1168823242188 199.00250244140625 3.8121262 1.522535 1.625074 -4.301901 0.84681267 46.139915 -1.8249459266662598 0.11934112757444382
Car 0.0 0 -2.809832811355591 324.6448059082031 196.4401092529297 501.9696350097656 261.08270263671875 4.0084996 1.5154679 1.6189193 -4.866853 1.8144335 18.124176 -3.0721724033355713 0.11461778730154037
