Pedestrian 0.0 0 -1.5560874938964844 38.33245849609375 173.8382110595703 65.98863983154297 235.39170837402344 0.6906938 1.5979854 0.5730631 -14.806532 1.3037467 19.106596 -2.215362310409546 0.29637354612350464
Pedestrian 0.0 0 -0.9347397089004517 0.0 133.0960693359375 32.23625183105469 193.1500244140625 0.6264507 1.895799 0.687835 -19.067158 0.25160423 23.021132 -1.6264680624008179 0.13700176775455475
Pedestrian 0.0 0 1.6280077695846558 367.95306396484375 173.08050537109375 389.6262512207031 225.80755615234375 0.97786224 1.815065 0.6740296 -8.091198 1.3984573 25.299557 1.318471908569336 0.13557863235473633
Pedestrian 0.0 0 2.2523975372314453 331.23321533203125 158.22572326660156 381.56866455078125 221.15341186523438 1.3343526 1.7909659 0.72447383 -7.4416876 1.0239438 21.205627 1.914894461631775 0.11597508937120438
Pedestrian 0.0 0 1.3039817810058594 903.980712890625 145.64224243164062 945.8643798828125 220.93467712402344 1.074819 1.8200785 0.6953054 7.8610682 0.8645826 17.955687 1.7166471481323242 0.10788797587156296
Cyclist 0.0 0 3.132510185241699 330.4742431640625 160.61895751953125 386.1748962402344 220.5446319580078 1.5297054 1.7199137 0.733215 -7.4059997 1.0150995 21.231447 2.7968850135803223 0.2835230827331543
Cyclist 0.0 0 -1.846633791923523 690.6995239257812 176.7390594482422 718.9494018554688 228.57440185546875 1.7406672 1.5949768 0.43337086 3.0490856 1.3352813 23.007887 -1.7148780822753906 0.22326990962028503
Car 0.0 0 -1.6784800291061401 441.9862976074219 167.1162109375 478.4295349121094 195.3694305419922 3.645017 1.429481 1.5126199 -7.9368954 0.51486313 38.333626 -1.8826431035995483 0.9295790791511536
Car 0.0 0 -1.7508574724197388 516.710693359375 164.98658752441406 561.9317626953125 197.4822235107422 3.7505145 1.5527107 1.6224272 -3.5439925 0.58725214 36.370365 -1.8479925394058228 0.921919047832489
Car 0.0 0 3.195704936981201 388.7969055175781 160.3866729736328 450.9233703613281 184.31838989257812 4.162049 1.6462004 1.6914024 -13.240816 -0.06381455 50.78179 2.9406445026397705 0.1826055347919464
Car 0.0 0 -1.1743903160095215 488.14715576171875 167.72711181640625 522.5075073242188 184.7293243408203 4.380898 1.5580244 1.6731163 -9.698119 -0.04668275 68.33382 -1.3153715133666992 0.14227424561977386
Car 0.0 0 1.7204140424728394 211.13290405273438 166.6049041748047 257.4833679199219 198.80502319335938 4.300507 1.7049314 1.6874288 -20.925978 0.72065926 40.365685 1.2421470880508423 0.13953609764575958
Car 0.0 0 1.6218328475952148 480.0779113769531 170.1254119873047 503.3377990722656 189.1471710205078 4.1071343 1.4918711 1.6636597 -9.425359 0.30947566 58.50756 1.4621087312698364 0.12534114718437195
