Pedestrian 0.0 0 2.255500316619873 251.6655731201172 183.73025512695312 283.4913330078125 238.5673828125 0.7044129 1.7527827 0.64200425 -11.261877 2.1159005 23.644524 1.8109921216964722 0.41526684165000916
Pedestrian 0.0 0 1.5681732892990112 729.2819213867188 164.4523468017578 761.232421875 259.1407165527344 0.86848354 1.711338 0.5697232 2.478268 1.5598497 13.5158415 1.7495191097259521 0.35511985421180725
Pedestrian 0.0 0 2.867906332015991 193.3695068359375 191.61685180664062 226.15936279296875 243.5677490234375 0.8292099 1.727416 0.7093102 -13.871428 2.3901513 24.925625 2.360076665878296 0.3024943768978119
Pedestrian 0.0 0 1.8273197412490845 1152.75927734375 156.3382568359375 1181.6385498046875 203.36282348632812 1.5336658 1.7791234 0.5151507 21.562893 1.1546266 27.968367 2.484109878540039 0.13767389953136444
Cyclist 0.0 0 -1.913694143295288 25.68269157409668 188.22879028320312 67.86832427978516 235.5127410888672 2.015651 1.7330543 0.63744986 -21.735056 2.3425646 27.776657 -2.5776689052581787 0.23976126313209534
Car 0.0 0 -1.7854079008102417 2.9012677669525146 200.32318115234375 120.710205078125 267.7254943847656 3.6939893 1.4421722 1.6811306 -14.354293 2.2269955 18.767351 -2.4383482933044434 0.9015476703643799
Car 0.0 0 0.8616663217544556 375.7641906738281 194.33680725097656 572.4287719726562 288.4861145019531 4.1502833 1.5725521 1.6628323 -2.9377499 2.07336 14.869203 0.6666057109832764 0.26715052127838135
Car 0.0 0 -1.5551338195800781 0.0 197.56362915039062 58.174739837646484 252.40858459472656 3.8415372 1.4832561 1.6213938 -18.946926 2.3516657 23.333944 -2.237143039703369 0.24605484306812286
Car 0.0 0 1.0131462812423706 75.32029724121094 165.6930389404297 153.4527130126953 194.40533447265625 4.425837 1.6204357 1.6956942 -29.151333 1.2166504 42.379353 0.4106101989746094 0.16869640350341797
Car 0.0 0 -0.33727771043777466 0.0 168.38674926757812 106.66380310058594 204.74696350097656 3.6978552 1.577388 1.5731037 -25.70481 1.3839467 33.278263 -0.9949741363525391 0.13749495148658752
