Car 0.0 0 -1.340725302696228 600.395263671875 175.60496520996094 721.41748046875 261.4915771484375 3.7888474 1.4652219 1.5848529 1.1024611 1.5286055 14.482814 -1.2647497653961182 0.9659555554389954
Car 0.0 0 2.0612590312957764 323.2423095703125 175.32577514648438 626.058837890625 365.01300048828125 3.7208483 1.5065745 1.5711025 -1.204161 1.5405535 7.7960854 1.9080129861831665 0.9510952830314636
Car 0.0 0 -1.8356289863586426 943.0227661132812 193.44581604003906 1242.0 375.0 3.1117232 1.4593507 1.465135 3.8339717 1.6844052 6.169957 -1.2796272039413452 0.9244939088821411
Car 0.0 0 1.6916224956512451 739.2965698242188 168.6966094970703 789.3338623046875 207.16452026367188 4.243971 1.6549823 1.7616185 7.149572 1.4764794 33.33276 1.902911901473999 0.8728016018867493
Car 0.0 0 -1.631622314453125 888.5504150390625 180.83335876464844 954.697021484375 241.6532745361328 2.4107885 1.534933 1.5242918 8.511655 1.7714771 19.96325 -1.2285950183868408 0.8319891691207886
Car 0.0 0 -0.6576160192489624 0.0 187.43077087402344 414.4938659667969 375.0 3.7575934 1.46606 1.5673889 -2.654715 1.5763539 3.4236555 -1.3171782493591309 0.7908150553703308
Car 0.0 0 -1.633056402206421 881.1278686523438 181.9743194580078 939.8016967773438 231.332763671875 3.6495779 1.5023358 1.611508 10.153018 1.8398072 24.6803 -1.2427771091461182 0.734806478023529
Car 0.0 0 -2.881155490875244 599.9647827148438 167.8777618408203 702.4837646484375 207.69784545898438 3.758225 1.4944609 1.5440806 1.5905694 1.308059 28.395197 -2.8251986503601074 0.6060323715209961
Car 0.0 0 1.6125422716140747 861.5046997070312 172.87249755859375 887.6672973632812 195.843505859375 4.2346873 1.6877481 1.708908 20.28194 1.6895819 55.297604 1.9640851020812988 0.4856313169002533
Car 0.0 0 -1.4584155082702637 766.8641967773438 172.83006286621094 803.5942993164062 200.79640197753906 3.903415 1.4970988 1.5885376 9.896543 1.4961752 40.72853 -1.2200472354888916 0.46872320771217346
