Pedestrian 0.0 0 -1.1593714952468872 287.6464538574219 173.1866455078125 307.6271057128906 210.15663146972656 0.8212835 1.768484 0.6111981 -15.156183 1.7851366 34.931152 -1.5687456130981445 0.23677541315555573
Pedestrian 0.0 0 -1.9551876783370972 686.7816772460938 164.21395874023438 702.322998046875 197.34292602539062 0.7769208 1.9472138 0.6743143 4.987355 1.4397373 42.870934 -1.83937406539917 0.23000603914260864
Pedestrian 0.0 0 0.868076741695404 240.659423828125 174.8973846435547 271.5937805175781 221.6046600341797 0.93435085 1.7626138 0.60729635 -13.643217 1.8428324 27.731901 0.4108750820159912 0.1436953842639923
Pedestrian 0.0 0 0.6334016919136047 939.7686767578125 147.61000061035156 979.988525390625 205.4414825439453 1.0270368 1.7935461 0.5457768 11.077978 1.0110042 22.956059 1.0830109119415283 0.12688224017620087
Pedestrian 0.0 0 -2.103952646255493 276.6966552734375 171.7489776611328 300.4820861816406 211.34864807128906 0.7651794 1.8260895 0.7297356 -15.090605 1.7754909 33.789078 -2.5239853858947754 0.12679070234298706
Pedestrian 0.0 0 -1.4264469146728516 255.90782165527344 176.21923828125 277.0000915527344 219.8778533935547 0.6064141 1.7628064 0.70194066 -14.123724 1.902998 29.585155 -1.8718452453613281 0.12274056673049927
Pedestrian 0.0 0 -1.92715322971344 597.6279907226562 148.04681396484375 654.1655883789062 258.38067626953125 0.69037235 1.7912037 0.7576369 0.20779039 1.3888319 12.162562 -1.9100704193115234 0.10251865535974503
Cyclist 0.0 0 -1.8717539310455322 792.5682983398438 133.56863403320312 837.5326538085938 249.73158264160156 0.9773694 1.8367257 0.43880773 3.3152244 1.2159178 11.90084 -1.6000711917877197 0.10128572583198547
Car 0.0 0 1.758426308631897 470.2916564941406 179.60279846191406 522.0311279296875 211.6945037841797 4.084207 1.4462894 1.779962 -5.5603023 1.7976547 35.455116 1.6028668880462646 0.9223765730857849
Car 0.0 0 2.9679791927337646 459.4481201171875 177.2089080810547 526.4517211914062 200.87384033203125 4.2896457 1.5481468 1.6679573 -8.022275 1.8547384 49.2423 2.806483745574951 0.44360363483428955
Car 0.0 0 1.9157270193099976 183.82725524902344 152.9788055419922 268.1325988769531 198.41177368164062 3.5957477 1.4929962 1.5096697 -13.557628 0.8402252 25.594786 1.428600549697876 0.31790289282798767
Car 0.0 0 -1.633408784866333 255.57403564453125 174.66769409179688 297.46600341796875 216.44509887695312 4.125234 1.9051734 1.5955842 -16.389273 1.9997468 35.285286 -2.0682380199432373 0.16437453031539917
