Pedestrian 0.0 0 -0.9856690168380737 411.7533874511719 164.44818115234375 441.1485595703125 220.19039916992188 0.63611406 1.7640859 0.6801363 -5.9554343 1.4984232 23.243944 -1.2364879846572876 0.5727970600128174
Pedestrian 0.0 0 -2.3560333251953125 137.68505859375 175.83102416992188 173.75958251953125 229.7841339111328 0.7961606 1.8715948 0.73134357 -16.106863 1.9790945 25.520456 -2.919032573699951 0.32798129320144653
Pedestrian 0.0 0 -3.224973201751709 752.2927856445312 150.9103546142578 766.267578125 183.5315704345703 0.7871571 1.974683 0.5963407 9.071183 0.6467107 44.017696 -3.021738052368164 0.25367361307144165
Pedestrian 0.0 0 -0.006586521863937378 661.4464111328125 161.15988159179688 685.957763671875 214.31112670898438 0.7906867 1.7189317 0.59251523 2.040319 1.3410974 23.658756 0.07944011688232422 0.241662859916687
Pedestrian 0.0 0 0.29001501202583313 672.5713500976562 160.33880615234375 702.6495971679688 213.05123901367188 0.9052054 1.7761209 0.5548322 2.6183045 1.3547856 24.739492 0.39545750617980957 0.22821666300296783
Pedestrian 0.0 0 3.3190016746520996 346.040771484375 175.960693359375 359.8468322753906 203.01089477539062 0.82888204 1.8739107 0.52641356 -17.977186 2.0926318 50.38508 2.976285457611084 0.21913576126098633
Pedestrian 0.0 0 -1.778520107269287 649.4364624023438 170.70851135253906 672.249267578125 220.25210571289062 1.7761143 1.6912562 0.44407427 1.7420902 1.6183745 25.538504 -1.7104113101959229 0.12252262979745865
Cyclist 0.0 0 -2.5419626235961914 662.839111328125 162.50733947753906 721.6495971679688 220.2328338623047 1.8035913 1.7073116 0.53376395 2.460532 1.401653 22.128138 -2.431222915649414 0.551563560962677
Cyclist 0.0 0 -1.7782396078109741 649.0086669921875 170.04122924804688 672.0645751953125 220.055419921875 1.7987986 1.707087 0.44875005 1.731512 1.6114392 25.546703 -1.7105648517608643 0.4325510561466217
Cyclist 0.0 0 -1.8063418865203857 671.7512817382812 161.91552734375 694.4984741210938 213.17507934570312 1.3445681 1.7208598 0.47772983 2.4710946 1.3539969 24.918911 -1.707499623298645 0.19953766465187073
Cyclist 0.0 0 1.5748828649520874 664.4586791992188 161.18299865722656 682.951416015625 214.33592224121094 0.7729389 1.7134519 0.5944789 2.044846 1.3375803 23.668625 1.6610636711120605 0.10599318891763687
Car 0.0 0 -1.3792695999145508 421.1358642578125 174.64637756347656 528.801025390625 255.82655334472656 3.9248168 1.5690913 1.6118819 -2.8997433 1.6141078 16.002735 -1.5585274696350098 0.9265802502632141
Car 0.0 0 1.9793968200683594 235.4252166748047 185.02085876464844 323.38641357421875 228.5761260986328 3.9150708 1.4826745 1.6376933 -12.585281 1.9823143 27.63387 1.5520368814468384 0.8976679444313049
Car 0.0 0 -1.519689917564392 584.2703857421875 175.34503173828125 611.616943359375 199.27589416503906 4.0774784 1.4733417 1.5735631 -0.7770477 1.642804 46.914413 -1.5362515449523926 0.6774289011955261
Car 0.0 0 2.1904971599578857 94.87940216064453 177.35531616210938 200.8982391357422 217.9805450439453 3.907826 1.4843422 1.5848893 -18.345415 1.6767852 28.794756 1.6232372522354126 0.21540945768356323
Car 0.0 0 -1.3345028162002563 480.16900634765625 175.6897735595703 507.4524230957031 192.58740234375 3.995824 1.492616 1.5920295 -10.687676 1.7623136 66.47511 -1.4939156770706177 0.20667456090450287
Car 0.0 0 1.9654295444488525 420.53070068359375 178.52615356445312 469.55560302734375 205.9928741455078 3.9300654 1.5226408 1.4422398 -9.781643 1.8764948 42.90557 1.7412798404693604 0.19174665212631226
Car 0.0 0 -1.1621825695037842 0.0 171.2650604248047 5.42434549331665 341.24591064453125 4.4448037 1.5208803 1.6897621 -9.343786 1.5070213 8.828613 -1.9759223461151123 0.19097676873207092
