Pedestrian 0.0 0 2.1116764545440674 703.9008178710938 168.66299438476562 719.0740356445312 213.02117919921875 0.39620122 1.9242605 0.5302346 4.4069695 1.7428128 31.6183 2.25016450881958 0.39178839325904846
Pedestrian 0.0 0 1.6566245555877686 424.65106201171875 167.96139526367188 463.42364501953125 255.66748046875 1.0177683 1.8618151 0.74949324 -3.6863256 1.7583134 15.8708935 1.4284017086029053 0.3774329125881195
Pedestrian 0.0 0 0.5920401215553284 319.7046813964844 127.10577392578125 391.3285217285156 255.383056640625 0.78026706 1.8281176 0.63338757 -3.8117816 1.1765039 10.683268 0.24932098388671875 0.2637971043586731
Pedestrian 0.0 0 -0.36648938059806824 884.338134765625 162.64193725585938 976.39111328125 340.5521240234375 0.6871439 1.7747633 0.65335953 3.2702887 1.6732496 7.5361595 0.042934417724609375 0.1825096160173416
Pedestrian 0.0 0 2.1394741535186768 710.0381469726562 165.4418182373047 733.5189819335938 214.4443817138672 0.6405923 1.9104112 0.68228674 4.3878183 1.6217986 28.592876 2.2917447090148926 0.17132315039634705
Pedestrian 0.0 0 3.246354818344116 392.82733154296875 155.0388641357422 435.2688293457031 251.19915771484375 0.7436998 1.8453606 0.67711645 -3.9070776 1.5038378 14.238329 2.978541374206543 0.13824759423732758
Pedestrian 0.0 0 3.6339826583862305 45.82101058959961 85.21450805664062 204.07286071777344 304.652099609375 1.011286 1.8859878 0.6474852 -4.4346375 1.1331156 6.571793 3.0403711795806885 0.1283322125673294
Pedestrian 0.0 0 -3.0939571857452393 674.271484375 178.0769805908203 685.2747192382812 203.9248809814453 0.7478161 1.8090888 0.5737381 4.9022584 2.1808727 50.971264 -2.998075246810913 0.11689601838588715
Cyclist 0.0 0 1.9097295999526978 461.01336669921875 179.46099853515625 512.5428466796875 262.3359680175781 1.6052333 1.7442018 0.6436913 -2.7843516 1.9003243 16.162825 1.7391351461410522 0.13453535735607147
Car 0.0 0 -1.7083162069320679 656.362548828125 191.5745086669922 701.6696166992188 227.4872589111328 3.8849998 1.51422 1.6242504 3.197669 2.4599762 34.45832 -1.6157830953598022 0.8002018332481384
Car 0.0 0 -1.8122398853302002 790.1770629882812 158.237548828125 996.9035034179688 339.16119384765625 3.601906 1.8323771 1.5334939 3.2843482 1.6847008 9.174767 -1.4684770107269287 0.2394171804189682
Car 0.0 0 1.5789293050765991 574.6317749023438 189.16558837890625 597.0859985351562 211.0343475341797 4.2713814 1.6750648 1.8198884 -2.0356512 3.0951855 60.641903 1.545373558998108 0.17085467278957367
Car 0.0 0 1.7172491550445557 564.2106323242188 195.76214599609375 599.6845092773438 224.0438690185547 3.7553773 1.5513206 1.6673256 -1.7268991 3.0331097 44.70138 1.6786364316940308 0.15347358584403992
