Pedestrian 0.0 0 -1.5439667701721191 320.6639099121094 173.91688537597656 349.8837890625 241.92674255371094 1.0195652 1.7238015 0.6906906 -7.2333994 1.752882 18.899778 -1.909492015838623 0.32315802574157715
Pedestrian 0.0 0 2.4407691955566406 838.6525268554688 148.5020294189453 867.0789184570312 195.44503784179688 0.80598396 1.7916067 0.66547537 9.377309 0.86255807 27.993021 2.764007568359375 0.11708975583314896
Pedestrian 0.0 0 0.33650097250938416 864.8543090820312 153.8286590576172 917.9652709960938 209.40174865722656 1.5511867 1.7900851 0.53874797 9.284648 1.1776111 23.94731 0.706369161605835 0.11471092700958252
Cyclist 0.0 0 -1.5629758834838867 1076.5504150390625 172.08859252929688 1096.1114501953125 239.97256469726562 1.5666839 1.6926928 0.40952677 12.33783 1.6739652 18.753765 -0.9810771942138672 0.23657193779945374
Cyclist 0.0 0 0.33650097250938416 864.8543090820312 153.8286590576172 917.9652709960938 209.40174865722656 1.5511867 1.7900851 0.53874797 9.284648 1.1776111 23.94731 0.706369161605835 0.2060336321592331
Cyclist 0.0 0 -1.0891202688217163 943.3134155273438 164.27537536621094 973.5718383789062 200.3363494873047 1.7788421 1.7918414 0.63261974 17.66119 1.3659346 36.634716 -0.6399039030075073 0.11874784529209137
Car 0.0 0 2.3730976581573486 0.0 177.64076232910156 134.7538604736328 310.70281982421875 3.8340316 1.5281821 1.5526454 -9.058025 1.6106836 10.402677 1.6566855907440186 0.5646371841430664
Car 0.0 0 2.1138992309570312 142.8983612060547 209.005859375 278.2850036621094 269.4625549316406 3.5327885 1.3539871 1.715769 -11.019441 2.452355 20.111158 1.6126493215560913 0.19108909368515015
Car 0.0 0 1.3745157718658447 794.111572265625 179.4900360107422 844.6011962890625 212.81236267089844 3.9876215 1.4995338 1.6157769 10.144468 1.8438267 35.33929 1.6540583372116089 0.14279073476791382
Car 0.0 0 1.3688315153121948 1055.5184326171875 128.29364013671875 1141.9029541015625 179.79649353027344 3.911621 1.67419 1.7708906 17.16693 0.2260359 25.59759 1.9595842361450195 0.108042411506176
