Pedestrian 0.0 0 2.872016191482544 572.0350341796875 163.75123596191406 593.7467651367188 189.45338439941406 1.4881641 1.8413385 0.5025993 -1.9878056 1.1895609 52.15405 2.833920478820801 0.18186919391155243
Cyclist 0.0 0 2.6127207279205322 840.957763671875 180.32986450195312 873.812255859375 212.3980255126953 1.7123019 1.8255428 0.6368892 14.287453 2.2637875 41.778477 2.9422340393066406 0.1576831191778183
Cyclist 0.0 0 1.1710612773895264 718.3731689453125 168.58468627929688 749.4833374023438 214.88339233398438 1.5516896 1.7128228 0.61038417 4.66865 1.555237 27.51576 1.33913254737854 0.14264893531799316
Cyclist 0.0 0 -2.582662582397461 859.6588134765625 147.43638610839844 893.1302490234375 182.6545867919922 1.6385723 1.8574003 0.5687816 14.30593 0.51723856 38.872826 -2.2300264835357666 0.13408370316028595
Car 0.0 0 -1.630953311920166 557.0287475585938 178.05397033691406 599.4733276367188 213.7876739501953 4.309582 1.3515643 1.4993559 -1.4291953 1.585303 30.157864 -1.678308367729187 0.9443314671516418
Car 0.0 0 2.3365135192871094 967.0167236328125 192.4719696044922 1106.0980224609375 248.0121307373047 3.6020198 1.505174 1.5213842 12.719301 2.1268866 21.631403 2.8680639266967773 0.9274125695228577
Car 0.0 0 -1.4932130575180054 508.86602783203125 175.8514404296875 542.0464477539062 203.9424285888672 3.593726 1.5455017 1.6424044 -4.9034567 1.7275754 41.912037 -1.6096775531768799 0.9186424016952515
Car 0.0 0 2.0300207138061523 1131.9393310546875 199.95948791503906 1242.0 255.47471618652344 3.6457193 1.5759349 1.7049938 18.98952 2.5177028 23.519384 2.709256649017334 0.6441224813461304
Car 0.0 0 2.067507266998291 24.511329650878906 192.07809448242188 109.60144805908203 230.79544067382812 4.1898446 1.7196202 1.6292324 -27.3098 2.7485743 36.412 1.4239921569824219 0.22735176980495453
Car 0.0 0 1.8103935718536377 54.05060958862305 196.8778533935547 105.94141387939453 226.24037170410156 4.1194873 1.6115429 1.7069857 -33.35847 3.2003772 45.476345 1.177513837814331 0.15833646059036255
Car 0.0 0 -3.5875542163848877 945.6295776367188 152.916748046875 1027.6417236328125 181.41368103027344 3.9151433 1.6290609 1.6534022 21.911604 0.48968193 42.13675 -3.1080257892608643 0.1560027003288269
