Pedestrian 0.0 0 -1.7510401010513306 682.2159423828125 148.39712524414062 701.8883056640625 195.75291442871094 0.74323887 1.9246771 0.68154424 3.333219 0.9310366 29.71674 -1.6393406391143799 0.2921272814273834
Pedestrian 0.0 0 1.8640594482421875 754.353759765625 164.92601013183594 795.2848510742188 250.96670532226562 0.8073854 1.8761716 0.6971004 3.6686344 1.7036545 16.253866 2.086048126220703 0.26912832260131836
Pedestrian 0.0 0 1.4810452461242676 795.8368530273438 152.94345092773438 834.25390625 254.20587158203125 0.66972846 1.8072305 0.61865956 3.7069912 1.4522445 13.260066 1.7536463737487793 0.15901042520999908
Pedestrian 0.0 0 1.6591836214065552 774.1973876953125 152.57522583007812 807.7849731445312 241.8201446533203 0.7321977 1.7551248 0.60068244 3.6256576 1.3566725 14.631174 1.9020940065383911 0.13018696010112762
Pedestrian 0.0 0 -0.5296350121498108 696.439697265625 160.57281494140625 721.7175903320312 211.1632537841797 0.6685068 1.8177569 0.6678849 3.5730677 1.3768418 26.359543 -0.3949049711227417 0.1195966973900795
Pedestrian 0.0 0 0.38880977034568787 161.71803283691406 105.97742462158203 265.5069580078125 277.03619384765625 0.8006464 1.7694335 0.6547532 -4.3327546 1.0780195 7.8325243 -0.11646757274866104 0.11845585703849792
Pedestrian 0.0 0 -2.3766589164733887 503.09912109375 183.1650848388672 524.8775634765625 226.30108642578125 0.646763 1.8981348 0.72930765 -4.3587446 2.3694005 32.46466 -2.510122060775757 0.10686945915222168
Pedestrian 0.0 0 1.0797468423843384 710.9342651367188 163.2686309814453 743.3820190429688 221.69764709472656 0.9861183 1.7874528 0.6102261 3.6216667 1.4945765 22.63607 1.2383975982666016 0.10522597283124924
Cyclist 0.0 0 0.0461353063583374 531.9669189453125 190.01792907714844 561.7062377929688 220.63230895996094 1.7504026 1.8045564 0.6678858 -3.8176608 2.8441231 43.313393 -0.04177793115377426 0.1496722400188446
Car 0.0 0 -1.747274398803711 660.6925659179688 196.0897674560547 748.717041015625 259.1983337402344 3.9608078 1.3746731 1.6226176 2.3576317 2.0593135 19.22457 -1.6252473592758179 0.9617620706558228
Car 0.0 0 -1.807092308998108 604.4449462890625 156.7036895751953 639.3402099609375 181.0084686279297 4.5366597 1.8974049 1.821667 0.89553213 0.636953 58.73846 -1.7918473482131958 0.3322913944721222
Car 0.0 0 -0.7411856651306152 917.0087280273438 115.2733154296875 1242.0 282.8554992675781 3.689526 1.6489513 1.60492 5.5815225 1.082735 8.15019 -0.14071129262447357 0.15926600992679596
Car 0.0 0 1.6388905048370361 532.0015258789062 185.1539306640625 560.3695678710938 211.7618408203125 3.3639205 1.5241483 1.5232242 -3.943494 2.313666 44.594017 1.5506888628005981 0.1516641080379486
Car 0.0 0 -0.23397330939769745 691.9966430664062 151.94985961914062 798.4537963867188 190.81634521484375 3.7698324 1.4484398 1.5290693 5.1088514 0.66976184 27.748127 -0.051897212862968445 0.14309631288051605
Car 0.0 0 1.2330617904663086 581.2180786132812 187.20533752441406 620.9022827148438 211.0436553955078 3.97953 1.6201346 1.7326577 -0.7368969 2.7339184 53.810276 1.2193683385849 0.11875295639038086
