Pedestrian 0.0 0 1.9423487186431885 492.8217468261719 177.06874084472656 539.338134765625 261.713623046875 0.8661353 1.7391912 0.7198104 -2.0418513 1.8323561 15.379126 1.8103529214859009 0.5760066509246826
Pedestrian 0.0 0 1.7304993867874146 543.9299926757812 141.4229736328125 570.5791625976562 198.5951385498047 1.1949018 1.9091476 0.7320671 -1.8414562 0.85993063 24.718012 1.6561381816864014 0.29254764318466187
Pedestrian 0.0 0 -1.9850869178771973 930.3717041015625 167.9658660888672 953.8521728515625 211.55043029785156 0.6873694 1.7757641 0.65740955 13.644433 1.5769652 29.74368 -1.554993748664856 0.22496137022972107
Pedestrian 0.0 0 -3.0588979721069336 687.9069213867188 167.3861541748047 724.558837890625 204.7268829345703 1.7446669 1.8111676 0.57463604 4.6940765 1.5463145 35.460842 -2.9272897243499756 0.19632279872894287
Pedestrian 0.0 0 -1.7270938158035278 1135.4014892578125 138.4193115234375 1168.7586669921875 209.48851013183594 0.5376931 1.8461527 0.6298187 14.313581 0.9520067 19.125353 -1.0846118927001953 0.17983447015285492
Pedestrian 0.0 0 -2.823056697845459 337.5942077636719 191.37803649902344 416.5403137207031 332.5866394042969 0.71971476 1.6477939 0.79033583 -2.9124405 1.8873241 8.917172 -3.138744354248047 0.17297257483005524
Pedestrian 0.0 0 -1.919414758682251 937.3670654296875 157.20758056640625 958.84130859375 197.31983947753906 0.7459872 1.8201051 0.67816275 15.484126 1.1105024 33.138725 -1.4823073148727417 0.13765619695186615
Pedestrian 0.0 0 2.178187370300293 231.97767639160156 109.0732421875 388.580322265625 346.07733154296875 1.4347466 1.8520843 0.56404084 -2.6447601 1.3540232 6.396826 1.786141276359558 0.12698596715927124
Cyclist 0.0 0 -3.062791109085083 687.2383422851562 168.62246704101562 723.0498046875 206.57693481445312 1.7052927 1.8415309 0.58391917 4.641837 1.6365775 35.46835 -2.9326579570770264 0.43397170305252075
Cyclist 0.0 0 2.173732280731201 227.7262420654297 108.44574737548828 391.8455810546875 350.6416320800781 1.5305104 1.8774741 0.57631814 -2.6414258 1.3785468 6.399221 1.7822632789611816 0.19609738886356354
Cyclist 0.0 0 -3.029103994369507 888.6837158203125 170.65060424804688 924.4286499023438 202.79931640625 1.8183361 1.7990211 0.6890171 16.860859 1.6760786 41.113316 -2.6399152278900146 0.15800902247428894
Cyclist 0.0 0 1.2377233505249023 1056.6986083984375 170.69100952148438 1091.9813232421875 226.33311462402344 1.4873005 1.6254605 0.43265736 13.997117 1.5626318 21.84902 1.8074827194213867 0.13446073234081268
Car 0.0 0 -1.7497179508209229 879.3709106445312 185.51919555664062 980.177978515625 251.7628631591797 4.2025104 1.4229449 1.613513 8.030596 1.788593 18.578321 -1.34171724319458 0.9590916633605957
Car 0.0 0 -2.482419967651367 256.6294250488281 175.68890380859375 518.667724609375 287.0587463378906 3.7806194 1.548717 1.6589642 -3.5898516 1.600091 11.543011 -2.783935785293579 0.8110396862030029
Car 0.0 0 -1.9001928567886353 992.5655517578125 190.88482666015625 1139.1549072265625 270.6771240234375 3.9793491 1.4857513 1.594648 10.165063 1.9515378 16.50565 -1.3481978178024292 0.18332801759243011
Car 0.0 0 -2.3377251625061035 0.0 85.31938934326172 379.8584289550781 326.05072021484375 3.8903291 1.8070773 1.6333084 -4.3685226 1.1503466 6.638159 -2.9197683334350586 0.14087192714214325
Car 0.0 0 -1.495436668395996 710.1886596679688 166.9629669189453 742.3649291992188 197.9611358642578 4.370746 1.8808376 1.7068347 7.4409814 1.5237522 46.101276 -1.3354116678237915 0.11915912479162216
