Pedestrian 0.0 0 -1.6374051570892334 679.092041015625 161.297119140625 708.3153076171875 234.64390563964844 0.90622485 1.6932113 0.62562716 2.1459672 1.2280354 17.050806 -1.5122061967849731 0.8180128931999207
Pedestrian 0.0 0 -1.5615490674972534 446.95526123046875 161.92173767089844 475.66973876953125 236.95040893554688 0.84707165 1.6516643 0.62285215 -3.2093844 1.2218939 16.284327 -1.7561395168304443 0.7663503885269165
Pedestrian 0.0 0 -2.9713826179504395 715.8868408203125 162.24215698242188 735.6385498046875 207.0061798095703 0.6892645 1.7973619 0.6774911 5.052868 1.0251223 29.274443 -2.8004631996154785 0.5576111674308777
Pedestrian 0.0 0 1.6793099641799927 228.89627075195312 166.98280334472656 287.0841064453125 298.1051025390625 0.7041804 1.6755828 0.6329845 -4.626012 1.4914043 9.614299 1.230847954750061 0.5451528429985046
Pedestrian 0.0 0 1.59390389919281 728.9140625 164.2180633544922 742.0509643554688 205.12718200683594 0.685022 1.7409037 0.54194874 5.7652607 1.0064344 30.957342 1.778027057647705 0.5245228409767151
Pedestrian 0.0 0 -2.7640492916107178 531.7600708007812 167.08250427246094 550.0635986328125 206.32508850097656 0.6531843 1.7630415 0.60392886 -2.761158 1.116252 32.653305 -2.8484084606170654 0.46642541885375977
Pedestrian 0.0 0 0.3432769477367401 382.6019592285156 164.3375244140625 412.0590515136719 217.3382568359375 0.8344885 1.7921767 0.5499859 -7.006275 1.2129189 24.589096 0.06569862365722656 0.32259583473205566
Pedestrian 0.0 0 1.9297285079956055 201.4853057861328 155.73851013183594 229.7149200439453 213.8798065185547 0.7663603 1.8604268 0.57938206 -12.588386 1.0372005 23.401522 1.4361991882324219 0.31093189120292664
Pedestrian 0.0 0 1.2730445861816406 0.0 152.72877502441406 42.16725540161133 231.10357666015625 1.0567554 1.8785993 0.6708522 -14.499138 1.1901666 17.78794 0.5891575813293457 0.3094082474708557
Pedestrian 0.0 0 0.49883678555488586 427.7716979980469 148.61810302734375 466.32281494140625 203.2744598388672 1.0906796 1.7808512 0.6150949 -5.1481214 0.71056277 23.851685 0.2862589359283447 0.27420157194137573
Pedestrian 0.0 0 1.173028826713562 567.8372802734375 168.5946502685547 591.0078735351562 201.43692016601562 1.7034358 1.7210943 0.62984616 -1.1953278 1.0456414 38.54717 1.1420292854309082 0.19319389760494232
Pedestrian 0.0 0 1.0421555042266846 555.4751586914062 166.91148376464844 583.4712524414062 202.3517303466797 1.7302641 1.7706543 0.64579743 -1.6539403 1.0426675 36.788517 0.997227668762207 0.18714235723018646
Pedestrian 0.0 0 0.8896021842956543 408.8297424316406 152.18531799316406 447.043701171875 200.58323669433594 1.5819262 1.8293039 0.5700997 -6.7542953 0.7223203 27.854801 0.6517114639282227 0.14754973351955414
Pedestrian 0.0 0 -1.9839625358581543 733.077392578125 164.68263244628906 761.6671752929688 208.33998107910156 1.6315289 1.6684479 0.48609537 5.716304 1.0267638 28.298668 -1.7846455574035645 0.1286686360836029
Cyclist 0.0 0 1.868687391281128 600.7407836914062 163.05380249023438 626.648193359375 207.37930297851562 1.876293 1.8367352 0.5863029 0.5242268 1.0733564 30.746157 1.8857358694076538 0.4315900206565857
Cyclist 0.0 0 1.02349853515625 555.4381713867188 166.44190979003906 583.3610229492188 201.76039123535156 1.7480769 1.7664975 0.6067432 -1.659137 1.0142281 36.820312 0.978468656539917 0.4177999496459961
Cyclist 0.0 0 1.173028826713562 567.8372802734375 168.5946502685547 591.0078735351562 201.43692016601562 1.7034358 1.7210943 0.62984616 -1.1953278 1.0456414 38.54717 1.1420292854309082 0.37233060598373413
Cyclist 0.0 0 0.9161467552185059 408.8765563964844 152.04379272460938 448.634033203125 200.53793334960938 1.7316109 1.8305365 0.5595695 -6.729524 0.71966463 27.874384 0.6792564392089844 0.36515113711357117
Cyclist 0.0 0 -1.9863450527191162 733.5653686523438 165.06101989746094 761.3882446289062 208.40411376953125 1.5571789 1.6582742 0.48312032 5.7202935 1.0303539 28.292604 -1.7868510484695435 0.30761072039604187
Cyclist 0.0 0 0.5059913992881775 428.6192626953125 148.6940460205078 467.99627685546875 203.7781524658203 1.1232275 1.7939893 0.6119316 -5.1057873 0.72665113 23.848316 0.29508113861083984 0.24747924506664276
Car 0.0 0 1.7626327276229858 576.2991333007812 169.63333129882812 605.191650390625 192.41293334960938 4.1401258 1.7061406 1.4904636 -0.772865 0.8179292 55.96837 1.7488245964050293 0.49345430731773376
