Pedestrian 0.0 0 -1.2644485235214233 657.4922485351562 158.8125457763672 679.2792358398438 200.12646484375 0.9460131 1.8702556 0.7512618 2.6549253 1.2349657 33.240456 -1.1847474575042725 0.5491870641708374
Cyclist 0.0 0 1.1927077770233154 1149.508056640625 164.4048614501953 1242.0 334.2740173339844 1.7641605 1.6586434 0.5573509 6.59034 1.5765018 7.967553 1.8837841749191284 0.4680134356021881
Car 0.0 0 -1.319472312927246 543.8124389648438 176.15652465820312 673.3427734375 267.13763427734375 3.7051022 1.4719965 1.5888735 0.06417025 1.544696 13.809156 -1.314825415611267 0.9561548829078674
Car 0.0 0 2.0492782592773438 227.30921936035156 176.00746154785156 571.39013671875 375.0 3.714452 1.4719632 1.5913293 -1.7296803 1.5118638 7.052546 1.8087692260742188 0.95421302318573
Car 0.0 0 -1.8905222415924072 910.5894775390625 186.85157775878906 1242.0 375.0 3.1757 1.4717108 1.505392 3.4432762 1.6169068 5.7494807 -1.3509231805801392 0.9217944741249084
Car 0.0 0 -1.6971745491027832 835.1240844726562 180.59835815429688 908.2236938476562 239.6221466064453 2.9282844 1.4639143 1.5218234 7.091057 1.6950346 19.904112 -1.3549330234527588 0.86701500415802
Car 0.0 0 1.7015044689178467 691.9417114257812 172.44459533691406 739.1658325195312 208.4423065185547 3.9605048 1.5397037 1.6344696 4.8414392 1.5225502 32.98717 1.847231388092041 0.8147531747817993
Car 0.0 0 -1.6489189863204956 828.3543090820312 181.53863525390625 885.6281127929688 229.68019104003906 3.449678 1.4692738 1.5633768 8.287481 1.7876445 24.55466 -1.3234127759933472 0.722541332244873
Car 0.0 0 -2.862929582595825 549.9508056640625 167.2323760986328 653.201171875 206.4952392578125 3.7026486 1.4456786 1.5142881 -0.3498309 1.2390454 27.781933 -2.875520944595337 0.7010043263435364
Car 0.0 0 -0.46894901990890503 0.0 195.13839721679688 312.9121398925781 375.0 3.7114792 1.4699937 1.5658585 -2.9544764 1.6093643 2.5110905 -1.3352934122085571 0.6813464164733887
Car 0.0 0 -1.4465067386627197 717.2225341796875 172.67166137695312 756.3275756835938 203.00550842285156 4.1688805 1.6198168 1.6731589 7.175387 1.610438 40.76542 -1.2722749710083008 0.57315993309021
