Car 0.0 0 -2.0210354328155518 830.7953491210938 192.64874267578125 1242.0 375.0 3.5945325 1.4105874 1.5520121 3.0991223 1.6275722 6.080249 -1.5496554374694824 0.9610596299171448
Car 0.0 0 3.691885232925415 0.0 185.79193115234375 307.34375 308.1458435058594 4.1206717 1.430447 1.593342 -6.4384155 1.6172886 9.508985 3.096702814102173 0.9573282599449158
Car 0.0 0 -1.839059591293335 747.5176391601562 178.18817138671875 924.743896484375 298.7594299316406 3.6637313 1.525937 1.6246248 3.21096 1.6222417 11.133821 -1.558281421661377 0.9564119577407837
Car 0.0 0 -1.7601909637451172 678.0330810546875 180.4283905029297 741.4239501953125 226.19569396972656 3.4170208 1.4130634 1.5085752 3.2829113 1.6900665 24.60199 -1.6275337934494019 0.9529350399971008
Car 0.0 0 3.5309152603149414 175.08987426757812 183.77993774414062 403.7204284667969 261.7288818359375 4.028434 1.5045775 1.6716431 -6.6015215 1.7463434 15.055891 3.1176929473876953 0.9298262596130371
Car 0.0 0 3.429108142852783 304.2050476074219 178.49473571777344 459.891845703125 239.51947021484375 3.740846 1.5805794 1.6405662 -6.1786566 1.7415719 19.69388 3.125098705291748 0.8905161619186401
Car 0.0 0 -0.17966647446155548 729.6229858398438 180.02186584472656 829.8274536132812 216.80418395996094 4.072292 1.5591038 1.676594 7.3946857 1.8854976 31.881428 0.04824686050415039 0.8267504572868347
Car 0.0 0 0.25692835450172424 383.35906982421875 168.9465789794922 503.83660888671875 219.71603393554688 3.6932735 1.6602863 1.602311 -5.622424 1.5328621 24.451164 0.030912160873413086 0.7651037573814392
Car 0.0 0 3.1986141204833984 407.5126647949219 174.98318481445312 507.7138671875 215.47872924804688 3.8722324 1.5737529 1.6804255 -6.156311 1.6638169 29.276289 2.9913506507873535 0.7501440644264221
Car 0.0 0 -2.9660496711730957 481.6862487792969 174.922607421875 550.8946533203125 202.0347900390625 4.3501253 1.7721152 1.7898806 -6.2663655 1.9138219 48.30565 -3.095052480697632 0.7282614707946777
Car 0.0 0 3.3933420181274414 348.8515319824219 184.1487274169922 492.5993957519531 238.4851837158203 3.9733677 1.5731952 1.5937728 -5.744829 1.9309571 22.025543 3.1382007598876953 0.681997537612915
Car 0.0 0 0.18205730617046356 448.6123962402344 167.17324829101562 530.1644897460938 200.2053985595703 4.064978 1.7261066 1.6753479 -6.4391317 1.4296149 38.57286 0.016648292541503906 0.629233181476593
