Pedestrian 0.0 0 1.294819712638855 794.6116333007812 169.5266571044922 836.5543823242188 251.5874481201172 0.6938154 1.6776841 0.67588663 4.3579845 1.4549658 14.800619 1.5811734199523926 0.22654825448989868
Pedestrian 0.0 0 2.3570759296417236 997.3593139648438 105.75507354736328 1130.270751953125 317.01580810546875 0.7975399 1.742705 0.5870506 3.95516 1.1278344 6.199908 2.9249253273010254 0.18864642083644867
Pedestrian 0.0 0 -0.41239476203918457 964.1387329101562 106.64189147949219 1081.449951171875 292.26641845703125 0.8169147 1.7205664 0.5817561 3.9912612 1.0376695 6.8838034 0.11304283142089844 0.15859994292259216
Pedestrian 0.0 0 2.7901971340179443 609.8456420898438 161.500732421875 622.3956909179688 184.28436279296875 0.92449266 1.896073 0.5323645 0.9474444 0.3161487 59.23977 2.8061890602111816 0.15441615879535675
Pedestrian 0.0 0 -2.7026560306549072 470.7695617675781 167.66578674316406 480.7278747558594 189.6424560546875 0.5715843 1.7822431 0.6660222 -10.537803 0.74265224 57.729618 -2.8832054138183594 0.13066956400871277
Pedestrian 0.0 0 0.6153659820556641 204.09628295898438 169.05410766601562 229.25111389160156 204.23654174804688 0.9583157 1.8187456 0.64000654 -20.286493 1.228472 36.917675 0.11290192604064941 0.12412379682064056
Cyclist 0.0 0 -1.8891146183013916 822.725341796875 125.00848388671875 872.7359008789062 238.19253540039062 1.5293218 1.8049433 0.33481297 4.0618286 0.92167646 12.036156 -1.563646674156189 0.28462135791778564
Cyclist 0.0 0 -0.9965893030166626 416.87713623046875 170.41268920898438 439.48162841796875 200.1531982421875 1.739888 1.8159677 0.5046209 -11.014351 1.2013899 44.072517 -1.2414872646331787 0.15534758567810059
Car 0.0 0 2.3147382736206055 0.0 177.90699768066406 65.641357421875 234.42001342773438 3.829161 1.7411885 1.6257967 -20.439516 1.6628536 23.719614 1.6034828424453735 0.22346366941928864
Car 0.0 0 1.8043055534362793 136.3685760498047 186.8931121826172 191.9045867919922 217.02838134765625 4.022014 1.5076604 1.6789001 -23.910994 1.8765194 38.463146 1.2481117248535156 0.19050540030002594
Car 0.0 0 1.9716300964355469 117.45162963867188 185.2235107421875 210.35848999023438 230.61219787597656 3.5037658 1.4393287 1.4969088 -15.285853 1.6178579 24.646185 1.4164814949035645 0.17640475928783417
Car 0.0 0 0.8392457962036133 107.70008850097656 194.15187072753906 187.3672637939453 222.3842315673828 4.1362643 1.5973188 1.7160311 -27.614334 2.4495277 42.692295 0.2651076316833496 0.16100390255451202
Car 0.0 0 1.738133192062378 542.9384765625 163.65728759765625 573.583740234375 185.64212036132812 3.9846041 1.5789181 1.6463273 -3.4439604 0.37058625 52.84018 1.6730483770370483 0.15363122522830963
Car 0.0 0 -1.5861116647720337 588.96875 166.29290771484375 608.5682373046875 185.11375427246094 3.5352778 1.5403385 1.5945982 -0.5329302 0.37881988 59.647915 -1.595046043395996 0.14833609759807587
Car 0.0 0 -0.7726013660430908 810.4830322265625 148.55313110351562 889.0828857421875 178.1417999267578 4.1145034 1.5508457 1.6388829 13.476622 -0.13386664 38.929012 -0.43932968378067017 0.13436447083950043
Car 0.0 0 -1.5924683809280396 526.5176391601562 168.29859924316406 544.2763671875 184.72280883789062 3.7383425 1.4754258 1.5512369 -6.441959 0.38051265 65.459335 -1.6905641555786133 0.11852725595235825
