Pedestrian 0.0 0 -2.139511823654175 1043.53759765625 161.12437438964844 1087.514404296875 220.5477294921875 1.2995288 1.8122468 0.55249584 14.238055 1.4548838 22.653994 -1.5783989429473877 0.1473686695098877
Cyclist 0.0 0 -2.139511823654175 1043.53759765625 161.12437438964844 1087.514404296875 220.5477294921875 1.2995288 1.8122468 0.55249584 14.238055 1.4548838 22.653994 -1.5783989429473877 0.14026495814323425
Car 0.0 0 -1.5014774799346924 818.1567993164062 182.94955444335938 884.0833129882812 242.18251037597656 4.5715065 1.6264082 1.6827515 7.7471066 1.9836788 23.072384 -1.1775319576263428 0.9574140310287476
Car 0.0 0 2.1271238327026367 358.7290954589844 180.702392578125 533.5840454101562 268.1600341796875 4.289587 1.5665555 1.6542891 -3.389501 1.7619743 15.632032 1.9135987758636475 0.9284093976020813
Car 0.0 0 1.783308744430542 680.4125366210938 184.05032348632812 731.0044555664062 216.013427734375 4.128041 1.4623141 1.7267259 4.9031844 2.0685384 36.8074 1.915740966796875 0.9078993797302246
Car 0.0 0 1.8807315826416016 608.3678588867188 180.48257446289062 686.3612060546875 222.34701538085938 4.843014 1.4623145 1.6953839 1.5500239 1.793249 28.699697 1.9346874952316284 0.8723519444465637
Car 0.0 0 1.2544448375701904 845.1204223632812 177.20394897460938 895.236572265625 205.9108428955078 4.096129 1.6238307 1.640577 15.584668 1.8989872 43.508923 1.5984013080596924 0.1893327385187149
Car 0.0 0 -1.3575360774993896 670.296142578125 178.39866638183594 727.629150390625 219.57855224609375 3.850151 1.5498866 1.5696977 3.6934564 1.7951365 29.789148 -1.2341790199279785 0.17540334165096283
Car 0.0 0 -2.850787878036499 410.8187561035156 184.4125518798828 486.4021911621094 212.66636657714844 3.8834383 1.5237447 1.4626955 -9.060345 2.1865845 40.485817 -3.070950984954834 0.15770871937274933
Car 0.0 0 -2.368593215942383 0.0 192.4241485595703 64.98013305664062 290.4552307128906 3.811758 1.5238943 1.6136938 -11.901201 1.8817812 12.35988 -3.135087728500366 0.15274393558502197
