Pedestrian 0.0 0 1.4456517696380615 766.7933349609375 153.7073211669922 815.919677734375 261.9995422363281 0.8632764 1.690341 0.6649932 3.0301025 1.257822 11.68066 1.6994688510894775 0.84164959192276
Pedestrian 0.0 0 -0.11541832983493805 493.72528076171875 166.404296875 512.3549194335938 214.9877471923828 0.62315017 1.8064424 0.66268003 -3.7366 1.246186 27.105354 -0.25240957736968994 0.5382333993911743
Pedestrian 0.0 0 1.0756949186325073 235.16014099121094 111.15607452392578 328.2442321777344 275.6445007324219 0.72389126 1.6947324 0.66854054 -3.5555415 0.9713392 7.8837495 0.652012825012207 0.5220733880996704
Pedestrian 0.0 0 1.8835409879684448 523.8178100585938 162.33938598632812 543.3206787109375 203.71295166015625 0.75579447 1.8669469 0.6900547 -3.1122308 1.0032797 32.8553 1.7890974283218384 0.5148366093635559
Pedestrian 0.0 0 1.3546111583709717 589.976318359375 163.71429443359375 601.9505004882812 195.11228942871094 0.87769616 1.8326962 0.5299956 -0.32416975 0.7953244 42.4132 1.346968173980713 0.5056673884391785
Pedestrian 0.0 0 1.8199325799942017 431.025390625 170.1504364013672 460.2082214355469 229.37579345703125 1.1080525 1.8808901 0.6780157 -5.0858946 1.5215505 23.375923 1.6057014465332031 0.4671417474746704
Pedestrian 0.0 0 1.248631477355957 606.1651000976562 165.56640625 620.1900634765625 196.5317840576172 0.90915865 1.8218179 0.57594 0.6985062 0.8851516 42.780136 1.2649577856063843 0.42964157462120056
Pedestrian 0.0 0 1.8931388854980469 446.5073547363281 174.14808654785156 467.4504699707031 215.60232543945312 0.8482941 1.7193854 0.6297422 -6.094158 1.4154358 30.251274 1.6943482160568237 0.42622146010398865
Pedestrian 0.0 0 -2.444955825805664 101.91680908203125 135.6822052001953 167.00929260253906 260.12939453125 0.52049124 1.7002317 0.57890815 -6.62002 1.0755789 10.129505 -3.0238144397735596 0.41329869627952576
Pedestrian 0.0 0 1.6826763153076172 554.2738647460938 163.0381317138672 566.0994873046875 194.0335693359375 0.7188675 1.8357064 0.6299945 -2.458997 0.7430673 42.91693 1.6254422664642334 0.36635297536849976
Pedestrian 0.0 0 -3.12646222114563 1149.9442138671875 143.4036407470703 1238.0 374.0 0.5692251 1.7265544 0.63149846 3.6947753 1.5166885 4.406371 -2.428678035736084 0.3566690683364868
Pedestrian 0.0 0 2.989771842956543 593.3512573242188 162.92149353027344 609.0594482421875 194.13795471191406 0.8948976 1.9038883 0.52963114 -0.011731137 0.7715321 44.138153 2.9895060062408447 0.35644325613975525
Pedestrian 0.0 0 0.9959381818771362 18.0107479095459 139.6504669189453 94.15155792236328 272.7519226074219 0.5651941 1.7495774 0.6229015 -7.4984546 1.2008073 9.8282175 0.34419941902160645 0.3549915552139282
Pedestrian 0.0 0 -1.4808303117752075 536.4948120117188 170.89236450195312 548.7630615234375 203.06051635742188 0.60771185 1.7476379 0.6182824 -3.219837 1.1721709 39.32963 -1.5625160932540894 0.31194737553596497
Pedestrian 0.0 0 1.6689170598983765 564.4171142578125 166.39059448242188 571.8258056640625 191.15989685058594 0.91801864 1.9069663 0.48797563 -2.5628884 0.74425644 55.77247 1.6229968070983887 0.28261885046958923
Pedestrian 0.0 0 -2.674408197402954 421.8972473144531 174.4606170654297 444.34552001953125 220.9284210205078 0.5944169 1.7111268 0.63615906 -6.3036942 1.4529498 26.82815 -2.9051876068115234 0.26769402623176575
Pedestrian 0.0 0 -2.8261818885803223 376.1471252441406 148.86038208007812 442.1339111328125 235.572265625 1.2452374 1.8189768 0.59133565 -4.146841 1.1355207 15.393873 -3.08931827545166 0.24769175052642822
Cyclist 0.0 0 -2.8152740001678467 375.30816650390625 148.89144897460938 441.80914306640625 236.90353393554688 1.2594337 1.8472605 0.57800287 -4.1620207 1.1640822 15.402017 -3.0791962146759033 0.1192735806107521
Car 0.0 0 1.7202507257461548 438.2191467285156 176.86148071289062 574.6842041015625 278.6348876953125 4.2576723 1.4391932 1.6595095 -1.4700228 1.3749162 12.308685 1.6013840436935425 0.9702268838882446
Car 0.0 0 -2.0922887325286865 582.3435668945312 169.4774932861328 629.4300537109375 193.53443908691406 3.8423655 1.6195623 1.5984492 0.28430748 0.8108501 50.42259 -2.0866503715515137 0.37501001358032227
