Pedestrian 0.0 0 0.8218166828155518 1116.358154296875 241.11549377441406 1242.0 375.0 0.6803336 1.2882459 0.38130063 3.6416118 1.7607619 4.6332808 1.4879429340362549 0.37521401047706604
Pedestrian 0.0 0 1.9499616622924805 425.4554748535156 162.66883850097656 454.1554870605469 221.17909240722656 0.80923444 1.844128 0.64526135 -5.508345 1.5234698 23.185932 1.7167129516601562 0.33713170886039734
Pedestrian 0.0 0 1.2900346517562866 810.4556274414062 158.34539794921875 835.5245971679688 204.37466430664062 0.9656035 1.8767833 0.7569114 8.777439 1.2855723 29.90161 1.575558066368103 0.2633894979953766
Pedestrian 0.0 0 -0.08158332109451294 716.1676025390625 197.6025848388672 741.0737915039062 244.25234985351562 0.91615146 1.799418 0.76930994 4.6682563 2.7984881 28.694508 0.07969188690185547 0.25603753328323364
Pedestrian 0.0 0 1.510298728942871 1049.1973876953125 186.90184020996094 1081.1187744140625 258.48577880859375 0.6491994 1.728107 0.63462234 11.31332 2.0879493 18.024399 2.0708136558532715 0.19684861600399017
Pedestrian 0.0 0 1.3432512283325195 790.4829711914062 158.25558471679688 827.7012939453125 232.59255981445312 0.9805987 1.8299451 0.7020562 4.978273 1.4709355 18.262741 1.609377145767212 0.1479330211877823
Cyclist 0.0 0 0.8777648210525513 913.308349609375 126.88667297363281 1009.7665405273438 233.7310791015625 1.7382561 1.7937365 0.5825155 6.2434745 1.0223807 13.024541 1.3247663974761963 0.30080291628837585
Cyclist 0.0 0 0.2281475067138672 1108.31640625 206.84268188476562 1223.6466064453125 297.0467834472656 1.8462902 1.7128767 0.60789543 11.6890745 2.4760969 15.286364 0.8809735774993896 0.14786091446876526
Car 0.0 0 1.756339192390442 540.943603515625 196.1988067626953 588.7659301757812 235.33741760253906 3.4919999 1.6456515 1.6578811 -2.134785 2.817127 34.35917 1.6942875385284424 0.935694694519043
Car 0.0 0 -1.5758459568023682 671.27587890625 195.36961364746094 694.6549682617188 217.91912841796875 3.8794155 1.4787098 1.6571659 5.352779 3.2061977 53.335503 -1.4758204221725464 0.7009645104408264
Car 0.0 0 -1.3607813119888306 480.1741943359375 201.05422973632812 535.4194946289062 243.55252075195312 3.3822362 1.5229219 1.5975794 -4.21606 2.760462 29.909258 -1.5008203983306885 0.46407824754714966
Car 0.0 0 -1.139289140701294 303.3112487792969 138.24639892578125 428.17230224609375 209.5457763671875 4.077204 1.7441238 1.6746565 -6.5726523 0.89791155 19.765987 -1.4603105783462524 0.14945253729820251
Car 0.0 0 1.78677237033844 568.82763671875 201.44171142578125 611.618408203125 233.3875732421875 3.658752 1.5198073 1.6114817 -1.076617 3.1727276 39.758865 1.7597002983093262 0.14695195853710175
