Pedestrian 0.0 0 2.6451873779296875 784.5205688476562 131.52134704589844 898.6369018554688 306.8353271484375 0.96931136 1.7747728 0.6367001 2.4601774 1.2806357 7.5533767 2.960057258605957 0.8517056107521057
Pedestrian 0.0 0 -1.8164329528808594 839.9121704101562 173.89285278320312 871.0181274414062 238.67742919921875 0.74966615 1.59483 0.570929 6.26125 1.4337764 17.800383 -1.4782016277313232 0.36843934655189514
Pedestrian 0.0 0 -2.0932037830352783 834.5352783203125 195.05978393554688 880.379638671875 281.24627685546875 0.60619116 1.6411735 0.6317245 4.926922 1.9371576 13.934158 -1.7533379793167114 0.16036981344223022
Pedestrian 0.0 0 2.088548183441162 210.5609130859375 157.18348693847656 273.5012512207031 250.16758728027344 1.0601095 1.7852591 0.6851587 -7.26735 1.3392243 14.11415 1.6130530834197998 0.15930382907390594
Pedestrian 0.0 0 -3.0794992446899414 838.0591430664062 134.91650390625 885.6627197265625 238.98255920410156 0.75842875 1.7828375 0.63543534 4.5216904 1.0035579 12.550117 -2.7336862087249756 0.13158035278320312
Pedestrian 0.0 0 -2.533973455429077 105.54263305664062 159.48355102539062 166.16111755371094 253.029541015625 0.72546834 1.7162404 0.6211134 -8.848265 1.3323014 13.284656 -3.1215500831604004 0.11948532611131668
Pedestrian 0.0 0 -1.9530411958694458 771.0340576171875 142.5305633544922 822.98095703125 250.0555877685547 1.1374446 1.801789 0.48766378 3.314852 1.1671876 12.437124 -1.6925674676895142 0.1118365004658699
Pedestrian 0.0 0 -0.3507872223854065 913.28466796875 152.57395935058594 983.8386840820312 264.5740051269531 0.9248366 1.8060527 0.526501 5.6287045 1.357386 11.703532 0.09749698638916016 0.10114426910877228
Cyclist 0.0 0 -1.886305570602417 844.9680786132812 131.88510131835938 900.543212890625 243.93557739257812 1.7338984 1.826442 0.38181946 4.6167574 1.0356634 12.394099 -1.5297316312789917 0.23556475341320038
Cyclist 0.0 0 -1.9520277976989746 783.6990356445312 153.17822265625 841.0740966796875 264.9810791015625 1.1911646 1.866311 0.55849206 3.576701 1.4118819 12.418364 -1.6716004610061646 0.10263081640005112
Car 0.0 0 0.9312362670898438 0.0 143.63507080078125 144.27296447753906 281.9967041015625 4.0674796 1.8418933 1.7277507 -9.448876 1.3528134 10.669798 0.2064497470855713 0.2708488404750824
