Pedestrian 0.0 0 -1.8659694194793701 974.3466796875 148.1427459716797 991.9324340820312 184.5670623779297 0.62402964 1.934408 0.6849248 19.966476 0.62241083 38.685028 -1.3895018100738525 0.5327728986740112
Car 0.0 0 2.0098748207092285 165.2952423095703 202.17401123046875 365.8390808105469 312.8063049316406 3.9103599 1.497425 1.6604508 -5.8758216 2.0962934 12.764546 1.578468918800354 0.9650144577026367
Car 0.0 0 1.7707045078277588 433.23858642578125 190.3836669921875 493.2845458984375 231.85508728027344 4.0183187 1.4542128 1.5970911 -5.8582067 2.2081795 29.006859 1.5714256763458252 0.9354495406150818
Car 0.0 0 1.8928989171981812 315.520751953125 197.30137634277344 430.0645751953125 266.53314208984375 3.823388 1.431603 1.6025543 -5.8792424 2.1134763 18.1922 1.5803196430206299 0.9318087100982666
Car 0.0 0 1.8369317054748535 384.5281066894531 193.5674285888672 463.5675354003906 245.6824951171875 3.6300416 1.423677 1.5335563 -5.8720856 2.1364787 22.987646 1.5868346691131592 0.9248384237289429
Car 0.0 0 2.77793288230896 809.6148681640625 158.6703338623047 951.5435180664062 205.9022674560547 4.3067865 1.5801736 1.6074457 9.239439 1.1060085 24.960094 3.132460832595825 0.8900209665298462
Car 0.0 0 -1.652090072631836 668.2716674804688 177.68421936035156 713.79638671875 215.82020568847656 3.8387973 1.5030192 1.6147293 3.3646698 1.7230211 30.866894 -1.5435129404067993 0.8761376738548279
Car 0.0 0 1.7391737699508667 478.0553283691406 188.32839965820312 522.4471435546875 222.38461303710938 3.901579 1.552194 1.5973947 -5.5504317 2.3804064 36.633488 1.5888049602508545 0.7546353340148926
Car 0.0 0 2.460894823074341 1112.2646484375 143.5653076171875 1242.0 181.74966430664062 4.3037205 1.5296 1.6187582 23.368895 0.35670334 29.741785 3.126871347427368 0.6981475949287415
Car 0.0 0 -1.6485035419464111 658.6875610351562 176.9050750732422 696.6408081054688 208.4012908935547 3.8085127 1.4812281 1.6012377 3.3199065 1.69637 36.33766 -1.5573937892913818 0.5617097616195679
Car 0.0 0 1.3332674503326416 746.5521240234375 155.86807250976562 793.1025390625 184.8516845703125 3.7449117 1.479138 1.5920639 8.479057 0.6126431 38.70934 1.5489059686660767 0.5595478415489197
