Pedestrian 0.0 0 -1.1221659183502197 622.4804077148438 173.94284057617188 648.9805297851562 218.80255126953125 0.873794 1.6903812 0.709972 1.303137 1.4066458 27.618494 -1.0750174522399902 0.49624013900756836
Pedestrian 0.0 0 1.6861337423324585 721.8694458007812 190.7115936279297 762.1829833984375 279.09979248046875 0.7007434 1.6878271 0.7109078 2.756365 1.8774636 14.247569 1.8772350549697876 0.34072354435920715
Pedestrian 0.0 0 1.4844721555709839 761.2308959960938 182.80514526367188 796.1228637695312 261.27337646484375 0.6076453 1.4951419 0.609513 3.4177809 1.5225353 14.042606 1.7232167720794678 0.26615777611732483
Pedestrian 0.0 0 0.8091692924499512 452.6459655761719 169.3657684326172 504.88653564453125 264.5662841796875 0.6011296 1.673259 0.72466207 -2.2729297 1.461261 13.093006 0.6372835636138916 0.2267743945121765
Pedestrian 0.0 0 2.4570302963256836 698.0484008789062 160.8740234375 727.1043701171875 213.64959716796875 0.7795414 1.7255543 0.5572763 3.675845 1.0522563 23.921984 2.609497547149658 0.19843681156635284
Pedestrian 0.0 0 -0.49219512939453125 698.4412841796875 189.19293212890625 736.1334228515625 261.13653564453125 0.65625393 1.7061198 0.6989858 2.7930694 1.9001187 17.563805 -0.334491491317749 0.18672296404838562
Pedestrian 0.0 0 1.3856391906738281 745.0263061523438 156.57383728027344 767.338134765625 207.95877075195312 0.98419356 1.7717168 0.59377295 5.4124684 0.91334933 25.264688 1.5966798067092896 0.16497299075126648
Pedestrian 0.0 0 -1.636008381843567 742.5346069335938 193.16737365722656 783.4580078125 291.7291259765625 0.69579756 1.7076629 0.6713792 2.8567889 1.9254134 12.931267 -1.4185796976089478 0.16045404970645905
Pedestrian 0.0 0 -1.8813985586166382 893.5516357421875 196.7463836669922 973.3038330078125 357.07781982421875 0.7116626 1.628034 0.587491 3.5140936 1.8021969 7.7522483 -1.4558037519454956 0.15083517134189606
Pedestrian 0.0 0 1.4946417808532715 365.6675109863281 143.61009216308594 401.3384704589844 224.68783569335938 1.1006114 1.8596754 0.7284139 -5.2387037 0.9918066 17.118998 1.197674036026001 0.12012343853712082
Pedestrian 0.0 0 0.05212527513504028 778.4835205078125 186.2770538330078 819.4607543945312 290.18304443359375 0.64733934 1.7177962 0.6353439 3.350571 1.8036497 12.312915 0.3178105354309082 0.11217783391475677
Cyclist 0.0 0 0.4011126160621643 482.83001708984375 166.41354370117188 548.5025634765625 227.08399963378906 1.770309 1.7086818 0.66057265 -2.5089388 1.284943 20.790903 0.2810184955596924 0.5980022549629211
Cyclist 0.0 0 -1.9693268537521362 669.719482421875 173.9856414794922 702.3478393554688 228.7393798828125 1.4994746 1.6522563 0.46357998 2.603327 1.4266231 22.4586 -1.8539252281188965 0.23593822121620178
Car 0.0 0 -0.35982203483581543 605.8255004882812 171.29074096679688 690.3880615234375 200.3548583984375 4.150113 1.4841694 1.6732115 2.4586842 0.963696 38.083786 -0.29535162448883057 0.21795329451560974
Car 0.0 0 2.6898210048675537 606.3060913085938 159.25074768066406 688.0037841796875 191.82447814941406 4.4110413 1.8211979 1.7830571 2.663525 0.5780492 41.819466 2.7534260749816895 0.1464547961950302
Car 0.0 0 3.0720314979553223 423.49798583984375 182.92874145507812 502.41827392578125 213.1947784423828 3.7178464 1.4348432 1.5802971 -6.850646 1.5086174 35.410835 2.8809304237365723 0.13073541224002838
Car 0.0 0 3.653122901916504 0.0 198.7822723388672 31.143733978271484 374.0 3.9628065 1.4995679 1.5583762 -7.0385723 1.6668557 5.396535 2.736435890197754 0.12112683802843094
