Pedestrian 0.0 0 2.0132880210876465 974.8301391601562 144.40431213378906 1021.8236694335938 223.5170440673828 0.8556714 1.7196653 0.6165885 8.867371 0.9145444 16.11213 2.5164027214050293 0.5521042346954346
Pedestrian 0.0 0 -2.60644268989563 538.2454833984375 171.09121704101562 563.0347900390625 208.1038818359375 0.87121934 1.6294409 0.70018923 -2.28306 1.1721584 32.12934 -2.677381753921509 0.5290578603744507
Pedestrian 0.0 0 -0.2818204164505005 403.77313232421875 167.28073120117188 439.3265686035156 240.97323608398438 0.7215568 1.8057082 0.6206513 -4.5560718 1.4584802 18.048948 -0.5290835499763489 0.4446149468421936
Pedestrian 0.0 0 0.14974679052829742 486.7499694824219 178.06741333007812 523.5760498046875 240.5204620361328 0.9089242 1.6227353 0.4115491 -2.5571396 1.5347184 18.874695 0.015086889266967773 0.3367708921432495
Pedestrian 0.0 0 1.7931228876113892 197.91998291015625 139.8433837890625 250.1285858154297 258.7734069824219 0.556073 1.7982233 0.61559844 -5.9204087 1.1696796 11.207266 1.307119607925415 0.2631586790084839
Pedestrian 0.0 0 2.9207327365875244 395.7166748046875 174.93618774414062 430.9026794433594 243.4476776123047 0.77944094 1.7431991 0.5714709 -4.9344163 1.5773695 18.70777 2.6628432273864746 0.23228394985198975
Pedestrian 0.0 0 1.5618815422058105 732.8905639648438 145.99447631835938 747.510009765625 190.2459259033203 0.7061067 1.8813473 0.6104831 5.958507 0.3728034 30.939669 1.7521369457244873 0.19053123891353607
Pedestrian 0.0 0 1.7332661151885986 742.8956909179688 143.27609252929688 761.870849609375 191.31161499023438 0.6728527 1.8709201 0.6347088 5.9534516 0.38316375 28.403845 1.9398753643035889 0.18956923484802246
Pedestrian 0.0 0 -2.8085813522338867 492.5099182128906 179.48423767089844 539.439453125 250.66053771972656 1.0047805 1.7227163 0.63082516 -2.1450038 1.675122 17.79813 -2.9285213947296143 0.16455824673175812
Cyclist 0.0 0 -1.9289172887802124 638.237548828125 174.1338653564453 653.264404296875 203.1909637451172 1.5536526 1.6399173 0.33762494 2.5431314 1.2249894 41.330868 -1.8674637079238892 0.38227948546409607
Car 0.0 0 -1.8148231506347656 710.6375732421875 158.49978637695312 835.7991333007812 260.08660888671875 3.6934228 1.8297012 1.6186618 3.3422697 1.4167094 14.799467 -1.5927120447158813 0.8982797861099243
Car 0.0 0 -1.5618999004364014 542.67529296875 177.93524169921875 572.0617065429688 204.27813720703125 4.090861 1.4423662 1.6078863 -2.5231652 1.248005 41.41319 -1.622751235961914 0.4707387685775757
Car 0.0 0 -2.052874803543091 617.388427734375 162.57968139648438 670.2575073242188 188.2987518310547 3.8936486 1.5099514 1.6265659 2.5647538 0.39992407 44.279396 -1.9950172901153564 0.19473473727703094
Car 0.0 0 -2.3471596240997314 1146.9901123046875 182.1542510986328 1238.0 374.0 3.943752 1.4439224 1.4593322 7.123095 1.4531022 6.59755 -1.5234769582748413 0.16063347458839417
