Pedestrian 0.0 0 3.3520102500915527 0.0 128.2093048095703 31.542922973632812 210.6706085205078 0.6179667 1.8517427 0.54655546 -13.804009 0.84956414 16.585655 2.6578903198242188 0.3032241761684418
Pedestrian 0.0 0 -1.5048941373825073 660.9139404296875 147.7781982421875 674.6900024414062 189.46710205078125 0.45932165 1.917976 0.6086939 2.6433513 0.7646749 33.464092 -1.4260671138763428 0.250175416469574
Pedestrian 0.0 0 1.6267969608306885 257.458740234375 154.0637969970703 302.4772644042969 250.84378051757812 1.127702 1.8399562 0.7567312 -6.6082196 1.4830796 14.378169 1.1959877014160156 0.19397923350334167
Pedestrian 0.0 0 1.3822624683380127 797.956298828125 143.82418823242188 826.0170288085938 199.48001098632812 1.1257541 1.8711609 0.72986084 6.900114 0.89553034 24.846502 1.6531461477279663 0.16545650362968445
Pedestrian 0.0 0 -1.1179789304733276 324.1882019042969 139.25291442871094 375.3042297363281 208.54248046875 1.7825129 1.8294171 0.6149517 -7.220145 0.94262266 19.966396 -1.4649633169174194 0.12112626433372498
Cyclist 0.0 0 -1.1179789304733276 324.1882019042969 139.25291442871094 375.3042297363281 208.54248046875 1.7825129 1.8294171 0.6149517 -7.220145 0.94262266 19.966396 -1.4649633169174194 0.2030225247144699
Car 0.0 0 1.7681059837341309 313.96539306640625 188.7158966064453 438.6676330566406 273.8379211425781 4.5640473 1.4687604 1.6836103 -4.92728 1.8658524 15.685264 1.4637328386306763 0.9447412490844727
Car 0.0 0 3.5624988079071045 0.0 202.94134521484375 109.76262664794922 375.0 4.038499 1.5188708 1.6264938 -8.081384 1.9075745 7.8029585 2.7595741748809814 0.6808221340179443
Car 0.0 0 -1.5987224578857422 421.0683288574219 176.64071655273438 450.72613525390625 202.8068389892578 4.1071277 1.5319237 1.6793625 -10.946664 1.780436 45.079884 -1.836939811706543 0.389758825302124
Car 0.0 0 -2.0550377368927 528.4158935546875 155.8424072265625 593.0827026367188 198.02403259277344 4.854011 2.3858306 1.8150872 -3.0635037 1.4239979 43.349117 -2.1255910396575928 0.31920579075813293
Car 0.0 0 1.6391336917877197 413.4007263183594 170.56802368164062 441.0531921386719 194.04002380371094 4.1371155 1.671734 1.7135743 -13.557058 1.5092783 53.575245 1.391289234161377 0.19810636341571808
Car 0.0 0 -1.3866982460021973 187.92352294921875 155.8395233154297 229.68492126464844 184.4435577392578 3.609664 1.7103498 1.6501535 -25.06155 0.6933442 45.114273 -1.8937638998031616 0.16970056295394897
