Pedestrian 0.0 0 1.3691740036010742 636.6549072265625 160.8832550048828 658.9544067382812 211.89178466796875 0.97740954 1.8699394 0.6479011 1.5682583 1.15232 26.444723 1.428407907485962 0.5159333944320679
Pedestrian 0.0 0 0.2918281555175781 248.0822296142578 91.06333923339844 361.1601257324219 317.09783935546875 0.7168278 1.7126632 0.5133457 -2.4311624 1.0367118 5.648313 -0.11462660878896713 0.27188023924827576
Pedestrian 0.0 0 -2.890536308288574 562.8323364257812 167.45545959472656 580.2145385742188 201.34535217285156 0.8325391 1.832353 0.57095337 -1.8351452 1.128466 38.587353 -2.938058614730835 0.2565498650074005
Pedestrian 0.0 0 -2.3922948837280273 153.27432250976562 142.1031036376953 246.70997619628906 292.7942810058594 0.84717906 1.7843496 0.5605134 -5.043813 1.3313699 8.7351885 -2.915940761566162 0.25309813022613525
Pedestrian 0.0 0 1.7194231748580933 797.7470092773438 128.02513122558594 838.9892578125 204.6288299560547 1.1161065 1.919736 0.8744928 5.5284657 0.6062778 18.40532 2.0112223625183105 0.23256132006645203
Pedestrian 0.0 0 -2.914228916168213 1111.37255859375 98.67613983154297 1224.0 370.0 0.7833525 1.7090347 0.52475524 2.989106 1.3634994 3.4668236 -2.202692747116089 0.1899314969778061
Pedestrian 0.0 0 1.5500935316085815 731.1721801757812 145.83778381347656 745.8616333007812 187.35531616210938 0.612344 1.9126323 0.6584314 6.1967463 0.3172671 32.923595 1.736133098602295 0.18370628356933594
Pedestrian 0.0 0 1.9655650854110718 1016.7997436523438 82.93102264404297 1113.5709228515625 256.9508361816406 0.7389009 1.7944034 0.65999484 5.003915 0.7900141 7.767152 2.5378808975219727 0.15035229921340942
Pedestrian 0.0 0 2.338397741317749 948.37255859375 111.20906829833984 1023.5899658203125 247.85719299316406 0.71646035 1.741888 0.52921635 4.9958053 0.86029506 9.370106 2.828223466873169 0.14600251615047455
Pedestrian 0.0 0 1.9840058088302612 914.7560424804688 133.7684326171875 971.4780883789062 254.25245666503906 0.57403404 1.7499492 0.59343666 5.060028 1.072869 10.676658 2.426583766937256 0.12000707536935806
Cyclist 0.0 0 -2.1210646629333496 1047.050537109375 63.141597747802734 1211.16943359375 270.1105651855469 1.4668386 1.7599161 0.56366795 4.875375 0.76368815 6.75964 -1.4962204694747925 0.2048855572938919
Cyclist 0.0 0 -2.914228916168213 1111.37255859375 98.67613983154297 1224.0 370.0 0.7833525 1.7090347 0.52475524 2.989106 1.3634994 3.4668236 -2.202692747116089 0.10345768183469772
Car 0.0 0 1.5847575664520264 307.4046325683594 180.78306579589844 361.43157958984375 229.71768188476562 3.959162 1.5125984 1.581654 -9.179669 1.5245789 24.00523 1.2195124626159668 0.1777249574661255
Car 0.0 0 1.1353600025177002 914.4962158203125 179.9335174560547 1133.6390380859375 294.9065246582031 3.7422433 1.5794822 1.6126868 6.555699 1.5733694 11.636371 1.6484177112579346 0.17466983199119568
