Pedestrian 0.0 0 3.053042411804199 156.9596405029297 178.8212432861328 180.81472778320312 230.50973510742188 0.64358336 1.7546705 0.74442756 -15.389996 1.9666522 25.095284 2.5029282569885254 0.6089888215065002
Pedestrian 0.0 0 1.9591538906097412 291.3843994140625 175.2572784423828 311.6324768066406 213.8961639404297 0.8054221 1.8345993 0.6393198 -14.876409 1.9519532 34.71501 1.5542974472045898 0.37174344062805176
Pedestrian 0.0 0 -1.8363449573516846 827.494384765625 164.68309020996094 849.8157348632812 212.65765380859375 0.6662831 1.767989 0.64079344 8.487317 1.4672273 26.933413 -1.531072974205017 0.2633186876773834
Pedestrian 0.0 0 -0.3550768792629242 728.552490234375 167.57933044433594 750.500244140625 209.86912536621094 0.75338274 1.7957059 0.6371937 5.5235953 1.5720913 31.015652 -0.17883406579494476 0.2159155011177063
Pedestrian 0.0 0 -3.454049825668335 952.5254516601562 169.36026000976562 967.7964477539062 199.1365203857422 0.65383714 1.8011016 0.70128995 21.333855 1.5901308 44.034008 -3.0028903484344482 0.2064783275127411
Cyclist 0.0 0 -0.4901997447013855 1057.2200927734375 162.12542724609375 1096.4337158203125 195.31112670898438 1.6952457 1.8155177 0.68854165 25.759937 1.2289389 39.884583 0.08326101303100586 0.22568239271640778
Car 0.0 0 2.1838936805725098 0.0 196.5209503173828 209.03851318359375 294.9590148925781 3.8976102 1.4913545 1.6426886 -9.641366 2.009114 13.819331 1.574731469154358 0.9569474458694458
Car 0.0 0 2.086042642593384 160.51400756835938 186.75897216796875 283.6690368652344 243.8131103515625 4.1163187 1.5770347 1.6378825 -12.25666 2.0613966 23.033567 1.597029209136963 0.9530637860298157
Car 0.0 0 1.8530609607696533 445.42919921875 182.36378479003906 484.9572448730469 205.5526123046875 4.3592544 1.5649925 1.6880133 -10.562419 2.290538 52.776352 1.6555352210998535 0.8866325616836548
Car 0.0 0 -1.5979467630386353 602.4447021484375 178.91575622558594 630.2786254882812 204.78089904785156 3.9977138 1.5534159 1.6694672 0.3383623 1.9596238 46.29107 -1.590637445449829 0.7507436275482178
Car 0.0 0 1.861780047416687 443.1837158203125 175.2600555419922 497.90277099609375 208.65762329101562 3.87653 1.5236036 1.5754738 -6.774243 1.6480811 35.211 1.6717123985290527 0.24528105556964874
