Pedestrian 0.0 0 0.11261355876922607 241.940185546875 174.3970184326172 270.5418395996094 234.84495544433594 0.65966433 1.6750522 0.63988674 -9.894178 1.5075116 20.000828 -0.3467757999897003 0.773737907409668
Pedestrian 0.0 0 -2.144805669784546 331.0994567871094 164.20606994628906 364.68597412109375 225.0804901123047 0.7017037 1.6541795 0.5910025 -7.1835012 1.2129945 19.65534 -2.4951980113983154 0.620724081993103
Pedestrian 0.0 0 -1.6720187664031982 213.66566467285156 171.084228515625 248.07034301757812 236.90838623046875 0.80376464 1.6510664 0.70633096 -9.7050905 1.416485 18.260336 -2.1605358123779297 0.5503100156784058
Pedestrian 0.0 0 0.6276062726974487 560.8566284179688 156.4180908203125 600.4971313476562 220.96685791015625 0.91619456 1.7292387 0.59208417 -0.7043206 1.0856756 19.437786 0.5913875102996826 0.5467613935470581
Pedestrian 0.0 0 1.5364903211593628 398.667236328125 155.28550720214844 432.75860595703125 233.10084533691406 1.0504235 1.8114928 0.7558818 -4.6183367 1.2261212 17.067835 1.2722313404083252 0.39549750089645386
Pedestrian 0.0 0 -0.13400274515151978 188.4862518310547 178.84341430664062 220.33201599121094 239.09896850585938 0.7444534 1.7531399 0.64764863 -11.962785 1.7065091 21.049812 -0.6507935523986816 0.3832966387271881
Pedestrian 0.0 0 -2.6541800498962402 1008.691162109375 130.57225036621094 1068.767578125 207.97982788085938 1.1844014 1.9036638 0.5531459 11.012924 0.6774015 18.033745 -2.1059415340423584 0.3484097421169281
Pedestrian 0.0 0 -1.202573537826538 215.28121948242188 155.60623168945312 232.20944213867188 188.5072021484375 0.6916422 2.0178995 0.722412 -23.591805 0.49245656 43.74871 -1.6971315145492554 0.3266250491142273
Pedestrian 0.0 0 -2.062516689300537 1044.4488525390625 149.6018829345703 1080.7642822265625 196.25282287597656 1.5550406 1.6981041 0.46137336 17.12431 0.5749255 26.5255 -1.489255666732788 0.2643205523490906
Cyclist 0.0 0 -0.3545655608177185 1081.73583984375 129.6428680419922 1196.8477783203125 215.7029571533203 1.8759531 1.7846633 0.62829995 11.422467 0.73164123 15.2258835 0.2890639305114746 0.8967043161392212
Cyclist 0.0 0 -2.2594354152679443 1130.1241455078125 142.31739807128906 1177.5128173828125 190.6112518310547 1.680323 1.7614459 0.4396545 20.620476 0.3703116 26.62991 -1.6005408763885498 0.7741051912307739
Cyclist 0.0 0 2.601414680480957 994.2408447265625 141.28042602539062 1065.5 202.43630981445312 1.7541597 1.7580758 0.534181 12.327656 0.6321831 20.588566 3.140923500061035 0.6928938627243042
Cyclist 0.0 0 -0.29049792885780334 280.31695556640625 167.2213592529297 361.7157897949219 240.51622009277344 1.7445248 1.70191 0.5775042 -6.92309 1.3951858 17.182495 -0.6735149621963501 0.6410027146339417
Cyclist 0.0 0 -0.07835903763771057 789.1260375976562 156.09634399414062 831.0764770507812 197.71377563476562 1.7018428 1.7742455 0.5799766 8.841865 0.73534036 30.593723 0.20298409461975098 0.5795889496803284
Cyclist 0.0 0 -1.3056941032409668 861.4822998046875 149.9348907470703 891.1387939453125 197.04718017578125 1.898424 1.772774 0.6045556 10.559229 0.6241603 27.54507 -0.9396286010742188 0.5599477291107178
Cyclist 0.0 0 -2.0889947414398193 1044.470947265625 149.0923309326172 1081.7298583984375 196.15626525878906 1.5146861 1.7097017 0.479786 17.09371 0.5702682 26.449656 -1.5152437686920166 0.41689297556877136
Car 0.0 0 -1.3182207345962524 337.4616394042969 179.154052734375 483.78302001953125 272.06085205078125 3.71452 1.3776236 1.5536256 -3.2456799 1.359328 12.339985 -1.5754168033599854 0.9641377925872803
Car 0.0 0 1.6761928796768188 471.7605895996094 167.62530517578125 498.1634216308594 189.32321166992188 3.6407561 1.56176 1.5700765 -8.913832 0.63635784 52.752132 1.508798360824585 0.8184877634048462
