Pedestrian 0.0 0 -0.43886345624923706 942.5430908203125 147.93954467773438 1009.1611938476562 274.1569519042969 0.68841577 1.8651389 0.66111153 5.5094814 1.497331 10.998785 0.025517702102661133 0.649351954460144
Pedestrian 0.0 0 2.68552303314209 770.1856079101562 160.79283142089844 791.6055297851562 197.22544860839844 0.9084522 1.8806288 0.6165256 8.876834 1.2583967 37.64422 2.9171011447906494 0.2593061327934265
Pedestrian 0.0 0 2.360936164855957 816.2499389648438 165.1149444580078 851.4530029296875 217.1151885986328 1.0194432 1.8246523 0.6833599 7.976281 1.5534523 25.854368 2.66018009185791 0.1942462921142578
Pedestrian 0.0 0 -1.769741177558899 707.3320922851562 162.46368408203125 732.7474365234375 214.58616638183594 1.741793 1.8228239 0.57196426 3.924161 1.4598128 26.114878 -1.6205917596817017 0.1665496528148651
Cyclist 0.0 0 -1.780491590499878 706.64599609375 162.3590545654297 732.9270629882812 214.85995483398438 1.7652842 1.8356152 0.58146 3.9156482 1.4690332 26.12344 -1.6317089796066284 0.6587293148040771
Cyclist 0.0 0 1.5173124074935913 682.1322021484375 169.93862915039062 695.2615356445312 201.5894317626953 1.8210907 1.7484332 0.6383398 4.4050016 1.5877419 40.78245 1.6249074935913086 0.4292724132537842
Cyclist 0.0 0 2.566397190093994 806.7262573242188 163.4434814453125 848.1334228515625 214.1443634033203 1.304774 1.7824568 0.59747535 7.7385106 1.4519755 25.833519 2.8574440479278564 0.17095154523849487
Car 0.0 0 -3.645845890045166 1132.228271484375 192.34127807617188 1205.6107177734375 215.85118103027344 3.7844956 1.561279 1.5904788 39.248756 2.9620497 50.773323 -2.987774610519409 0.20155256986618042
Car 0.0 0 -1.4874241352081299 696.7163696289062 170.7491912841797 723.69580078125 194.45001220703125 3.7808826 1.6413478 1.6180696 7.223418 1.4959412 51.987694 -1.3493633270263672 0.18592028319835663
Car 0.0 0 -1.7096531391143799 670.6422729492188 173.38970947265625 698.2880859375 194.86270141601562 4.1313944 1.651343 1.6358871 5.889987 1.6960847 57.68493 -1.60789954662323 0.14036959409713745
