Car 0.0 0 -1.7127963304519653 677.205322265625 185.470947265625 752.0505981445312 243.1551971435547 3.6531634 1.4265926 1.5756388 2.8271894 1.8169924 20.47264 -1.5755683183670044 0.9655798077583313
Car 0.0 0 -2.001789093017578 782.5912475585938 175.14414978027344 1144.7960205078125 375.0 3.411559 1.5153129 1.5451839 2.755817 1.542099 6.5920453 -1.605818271636963 0.9504741430282593
Car 0.0 0 3.6523611545562744 0.0 158.8521728515625 296.186767578125 283.0214538574219 3.6890461 1.6165137 1.6742357 -6.7569904 1.4345869 10.350459 3.0740058422088623 0.9394030570983887
Car 0.0 0 0.36047592759132385 293.9568176269531 182.1566925048828 470.1679382324219 250.98081970214844 3.8885515 1.6137543 1.6293818 -5.67775 1.85925 18.087828 0.05631709098815918 0.9387783408164978
Car 0.0 0 0.6709020137786865 0.0 185.69674682617188 279.3028564453125 343.4671325683594 4.097556 1.5424554 1.562137 -6.126458 1.699809 8.001022 0.01742243766784668 0.9045505523681641
Car 0.0 0 -0.20005643367767334 733.46923828125 175.07940673828125 854.4170532226562 224.38107299804688 3.8836524 1.6759119 1.7061089 6.3909554 1.7579763 25.548973 0.0450589656829834 0.9035066366195679
Car 0.0 0 0.4331585764884949 218.86224365234375 188.27902221679688 437.3081359863281 264.8023681640625 4.1920457 1.5451444 1.6088454 -6.1540637 1.9050308 15.87928 0.06342816352844238 0.897490918636322
Car 0.0 0 0.4917064309120178 89.68266296386719 186.24481201171875 351.61126708984375 280.3135681152344 3.8675342 1.5672264 1.6337951 -6.960852 1.8255202 13.073966 0.0024597644805908203 0.8638485074043274
Car 0.0 0 0.9223704934120178 0.0 215.81285095214844 161.7938232421875 375.0 4.1252093 1.5293559 1.6565388 -6.0052433 1.9187417 5.5126996 0.09423518180847168 0.7848687171936035
Car 0.0 0 0.36935457587242126 322.2281494140625 180.0619659423828 469.28887939453125 238.62608337402344 3.691567 1.570584 1.5661129 -6.0730042 1.7851286 20.5073 0.08144402503967285 0.7637490034103394
Car 0.0 0 0.34807631373405457 340.7523193359375 180.6190643310547 490.0885009765625 237.04293823242188 4.2420545 1.6846756 1.7007529 -6.1403503 1.942064 22.852219 0.08557820320129395 0.66205233335495
