Pedestrian 0.0 0 2.5792033672332764 993.1040649414062 118.82097625732422 1069.8875732421875 251.18235778808594 0.795974 1.7786423 0.433104 5.8084035 0.95148504 9.722171 3.1177375316619873 0.6223235130310059
Pedestrian 0.0 0 -1.3178942203521729 276.7439270019531 180.77490234375 318.45721435546875 260.9386291503906 0.7266488 1.5941987 0.62296414 -6.3214126 1.6016052 14.466762 -1.729852318763733 0.5686591267585754
Pedestrian 0.0 0 -2.4741406440734863 126.50141906738281 97.53497314453125 205.33949279785156 232.82444763183594 0.714532 1.817604 0.59964454 -6.14147 0.70464647 9.831103 -3.032522678375244 0.3075779676437378
Pedestrian 0.0 0 -0.9991704225540161 787.7803955078125 161.20529174804688 807.0327758789062 194.56976318359375 0.7526966 1.7559657 0.69431305 10.253533 0.7419013 37.716736 -0.7337291836738586 0.29073667526245117
Pedestrian 0.0 0 3.1442196369171143 508.6117858886719 163.43096923828125 520.4030151367188 185.40792846679688 1.0027905 1.8820419 0.5302909 -7.771559 0.42149535 60.869892 3.0172317028045654 0.24930812418460846
Pedestrian 0.0 0 -2.0860838890075684 985.7749633789062 151.85604858398438 1030.9012451171875 219.5544891357422 1.2098618 1.6891172 0.47367215 10.352671 0.9760282 18.241476 -1.5698782205581665 0.2391173243522644
Pedestrian 0.0 0 -1.1446411609649658 116.04073333740234 153.6169891357422 138.6802215576172 194.4886932373047 0.7380244 1.9847094 0.67876256 -23.48665 0.6807234 34.74959 -1.7389971017837524 0.22581884264945984
Pedestrian 0.0 0 -1.5093227624893188 985.9471435546875 143.7904510498047 1004.4313354492188 184.92442321777344 0.7043204 1.9326793 0.73019296 18.589746 0.2093314 33.708683 -1.0053421258926392 0.18310099840164185
Pedestrian 0.0 0 -3.2586262226104736 770.0064086914062 158.47222900390625 801.84912109375 190.3479461669922 1.7157236 1.8109616 0.55175215 10.361705 0.5608779 40.552063 -3.00846266746521 0.12278246134519577
Cyclist 0.0 0 -3.275278091430664 771.2410278320312 158.80776977539062 803.244384765625 190.9297332763672 1.7174451 1.8252388 0.55770814 10.436566 0.5940248 40.54926 -3.0233657360076904 0.5050917863845825
Cyclist 0.0 0 -2.041080951690674 978.9790649414062 148.1406707763672 1032.0745849609375 217.65614318847656 1.7430614 1.7168945 0.4520228 10.321217 0.91928005 18.338058 -1.5284404754638672 0.3521095812320709
Car 0.0 0 -0.8140106797218323 0.0 207.3887481689453 302.4345397949219 370.0 3.836322 1.478508 1.5572507 -3.1694343 1.6860145 3.4751315 -1.553434133529663 0.8877475261688232
Car 0.0 0 -0.40632161498069763 848.3335571289062 160.44920349121094 989.7603149414062 207.75006103515625 3.7760022 1.4435838 1.5700189 9.828159 0.833208 22.372913 0.007588863372802734 0.841613233089447
