Pedestrian 0.0 0 1.268343210220337 778.3258666992188 166.5299072265625 803.0706176757812 211.547119140625 1.0190443 1.7835896 0.69481087 7.241341 1.533386 29.113716 1.5121225118637085 0.7258699536323547
Pedestrian 0.0 0 -0.5512275695800781 861.6139526367188 162.7375946044922 891.1067504882812 211.36732482910156 0.8250902 1.7807213 0.6198481 9.847829 1.4106373 26.803896 -0.1991339921951294 0.3150472342967987
Pedestrian 0.0 0 -3.625267505645752 1021.5597534179688 145.8079376220703 1079.652099609375 234.7713165283203 0.856716 1.7915592 0.55995077 8.996621 1.247259 14.83348 -3.0800766944885254 0.26913774013519287
Pedestrian 0.0 0 1.2836312055587769 799.7720947265625 164.6242218017578 823.156494140625 209.6690216064453 0.9599506 1.780202 0.6586398 8.047693 1.4553136 28.998251 1.5543419122695923 0.2480442076921463
Pedestrian 0.0 0 -1.8211801052093506 718.0230102539062 173.10357666015625 734.3238525390625 204.98486328125 0.88137084 1.7274817 0.6844739 6.33144 1.7416902 39.57117 -1.6625235080718994 0.2430979460477829
Cyclist 0.0 0 -1.7354862689971924 758.6356201171875 161.33497619628906 786.8692016601562 217.3371124267578 1.8395916 1.7645894 0.60462785 5.275421 1.4019911 23.66735 -1.5161727666854858 0.8718429803848267
Cyclist 0.0 0 -2.0580859184265137 904.1703491210938 132.23745727539062 1023.1115112304688 289.2691650390625 1.7635258 1.8043704 0.5870858 4.375584 1.3380245 9.181526 -1.6133623123168945 0.8590624928474426
Car 0.0 0 -0.34956827759742737 825.8275146484375 190.61190795898438 885.320068359375 209.39453125 4.403549 1.4945822 1.5437411 20.2954 2.9865801 59.784687 -0.022300545126199722 0.3981141746044159
Car 0.0 0 -3.6872150897979736 1040.2138671875 182.9204864501953 1100.4722900390625 201.89385986328125 3.9761744 1.5391649 1.630695 38.41368 2.3927865 60.298756 -3.119993209838867 0.3394608795642853
Car 0.0 0 1.1615792512893677 841.4803466796875 183.31756591796875 878.3090209960938 200.24569702148438 4.3069143 1.4670758 1.6735001 23.297926 2.4780345 67.47421 1.4940487146377563 0.2772084176540375
Car 0.0 0 -1.7284653186798096 695.0535888671875 171.6356658935547 733.9242553710938 200.37747192382812 3.7582765 1.5710872 1.6245425 5.900671 1.5048482 41.32979 -1.586653232574463 0.2277275174856186
