Car 0.0 0 -1.8633514642715454 687.5037841796875 188.2919921875 800.0193481445312 264.6770935058594 3.3670003 1.470347 1.5755192 2.8614986 1.8586851 16.365206 -1.6902488470077515 0.980543315410614
Car 0.0 0 0.474409818649292 77.09813690185547 192.36276245117188 372.5819091796875 290.40240478515625 4.1104684 1.4993011 1.6759211 -6.40538 1.8534197 12.226477 -0.00816992949694395 0.9631518721580505
Car 0.0 0 -1.7358100414276123 646.4598388671875 181.91310119628906 711.45166015625 227.3748016357422 4.3000717 1.4518538 1.6353222 2.3592 1.8079301 26.1242 -1.6457473039627075 0.9592112302780151
Car 0.0 0 3.8574295043945312 0.0 194.39230346679688 179.2216339111328 372.46673583984375 4.005847 1.543444 1.6437559 -6.9653144 1.7909487 7.3732038 3.100470781326294 0.8853950500488281
Car 0.0 0 3.3350303173065186 309.2316589355469 184.46173095703125 447.4618835449219 238.2694091796875 3.7107067 1.5061375 1.5627531 -6.890861 1.8701153 21.61037 3.0263543128967285 0.8554018139839172
Car 0.0 0 -2.7073793411254883 279.23309326171875 187.98194885253906 442.9453430175781 251.33697509765625 3.7910829 1.5571257 1.6231635 -6.607114 1.9813511 19.211758 -3.038618326187134 0.8190434575080872
Car 0.0 0 0.33492258191108704 398.3682556152344 185.28965759277344 515.0905151367188 224.44638061523438 4.4206886 1.5232495 1.6914023 -6.3462768 2.0580647 29.891186 0.1257164478302002 0.8035106062889099
Car 0.0 0 0.5169757604598999 178.69480895996094 189.4073486328125 394.9483642578125 271.49102783203125 3.7097735 1.5091136 1.5659375 -6.5068626 1.8667759 14.610954 0.09800267219543457 0.8021863698959351
Car 0.0 0 -2.676759958267212 225.74273681640625 187.65554809570312 412.2778625488281 257.86627197265625 3.780015 1.5218716 1.5277628 -6.8049254 1.8886559 16.94184 -3.0586998462677 0.7702080011367798
Car 0.0 0 -1.653387427330017 643.0823364257812 179.6429443359375 679.4420776367188 209.54241943359375 3.7264316 1.4182384 1.544795 2.5411742 1.7838873 36.947056 -1.584716796875 0.5735169649124146
Car 0.0 0 -2.915834665298462 423.5489807128906 174.8821563720703 506.89306640625 209.14479064941406 3.6759057 1.6067188 1.5986019 -6.97549 1.7072477 34.783997 -3.1137468814849854 0.5639647245407104
