Pedestrian 0.0 0 0.32281777262687683 610.3150024414062 146.00689697265625 644.5174560546875 198.88954162597656 1.1073098 1.8419857 0.50867856 0.5739261 0.907217 25.556269 0.34527134895324707 0.4388296902179718
Pedestrian 0.0 0 3.1845617294311523 569.7279052734375 155.10435485839844 587.1405639648438 193.73387145996094 0.85597354 1.9344966 0.5438926 -1.6270089 1.0459843 36.403233 3.139897346496582 0.37028181552886963
Cyclist 0.0 0 -1.6077669858932495 452.7948303222656 172.7222137451172 475.6742248535156 236.93536376953125 1.8545325 1.7528503 0.56792176 -4.2350426 1.7496109 20.661474 -1.8099396228790283 0.865451991558075
Cyclist 0.0 0 1.5293874740600586 419.13763427734375 173.67982482910156 444.1292419433594 247.96530151367188 1.753579 1.8009071 0.5411478 -4.6178374 1.8234093 18.427452 1.2838484048843384 0.8466480374336243
Cyclist 0.0 0 0.32281777262687683 610.3150024414062 146.00689697265625 644.5174560546875 198.88954162597656 1.1073098 1.8419857 0.50867856 0.5739261 0.907217 25.556269 0.34527134895324707 0.11780765652656555
Car 0.0 0 1.0628385543823242 799.074951171875 177.3402557373047 1242.0 375.0 3.902194 1.506593 1.6882908 2.946104 1.556404 5.9608936 1.5218664407730103 0.9745341539382935
Car 0.0 0 -1.8544620275497437 662.383056640625 177.76223754882812 781.2364501953125 258.37701416015625 3.3226216 1.4575467 1.5419748 2.1491709 1.5719553 15.009867 -1.7122447490692139 0.9612460732460022
Car 0.0 0 -1.4771487712860107 323.627685546875 185.4105987548828 408.37908935546875 255.63609313964844 3.8134174 1.4532148 1.6093882 -5.914759 1.7970936 17.697363 -1.7996944189071655 0.9340425133705139
Car 0.0 0 -1.728203535079956 558.3568115234375 177.47581481933594 604.717041015625 213.81622314453125 3.7866864 1.5820184 1.5932288 -1.4324013 1.8126578 33.9341 -1.7703897953033447 0.904945433139801
Car 0.0 0 -1.8358653783798218 606.5054321289062 173.55148315429688 690.850830078125 226.67657470703125 3.947099 1.4704658 1.5787858 1.0370178 1.4942383 22.121637 -1.7890217304229736 0.8896371722221375
Car 0.0 0 1.6100276708602905 356.0915222167969 183.9605255126953 418.03363037109375 238.91465759277344 4.1839404 1.4954112 1.700097 -6.9881215 1.8808877 22.776812 1.3123362064361572 0.7439762353897095
Car 0.0 0 -1.5909249782562256 541.8567504882812 179.4773712158203 567.607421875 205.56991577148438 3.376468 1.4875811 1.4835061 -3.4151278 1.9058952 43.775898 -1.6687811613082886 0.48585402965545654
Car 0.0 0 -1.541627049446106 523.814697265625 178.22059631347656 543.2083740234375 196.59645080566406 3.6126404 1.4384608 1.4858009 -6.298065 1.8946208 59.422062 -1.6472214460372925 0.36636456847190857
