Pedestrian 0.0 0 0.14683015644550323 479.5887451171875 174.7129364013672 491.4953918457031 204.13180541992188 0.6219034 1.7775153 0.690446 -7.618477 1.8921247 43.990604 -0.024653103202581406 0.2749698758125305
Car 0.0 0 -1.5974819660186768 558.95947265625 182.36624145507812 611.9981689453125 229.60198974609375 3.798399 1.385607 1.6172608 -0.91555375 1.7266921 23.894892 -1.6357791423797607 0.9523873925209045
Car 0.0 0 -1.4584765434265137 504.1614685058594 178.3831024169922 547.545654296875 213.90890502929688 3.634602 1.5463731 1.6217762 -3.925552 1.819637 33.79098 -1.5741297006607056 0.9501618146896362
Car 0.0 0 2.008937358856201 134.19786071777344 181.58056640625 251.0886688232422 233.61572265625 4.308699 1.551909 1.761163 -14.026783 1.8752164 24.480314 1.4886209964752197 0.9427471160888672
Car 0.0 0 1.7461495399475098 309.2656555175781 182.0875244140625 352.3313293457031 210.93637084960938 3.998115 1.5244483 1.6438833 -16.070196 2.0843458 41.601784 1.3775209188461304 0.5531088709831238
Car 0.0 0 -1.0729707479476929 69.49028778076172 171.19192504882812 131.2770538330078 200.11842346191406 4.6512923 2.0961223 1.8261254 -38.55797 1.9760387 54.69837 -1.6869909763336182 0.5327297449111938
Car 0.0 0 2.1568450927734375 14.534993171691895 197.41127014160156 144.49954223632812 247.81996154785156 3.7745006 1.4212012 1.6923679 -17.619503 2.3085861 24.13669 1.5262748003005981 0.33483415842056274
Car 0.0 0 2.8888392448425293 725.0408325195312 178.9779052734375 776.6714477539062 198.71495056152344 3.8293357 1.5640315 1.6546042 11.410559 2.0706198 58.70097 3.080829620361328 0.25129038095474243
Car 0.0 0 1.897666573524475 0.0 204.60687255859375 69.66697692871094 250.26934814453125 3.619795 1.4881871 1.5839264 -22.777925 2.8176594 28.227453 1.2187068462371826 0.23863129317760468
Car 0.0 0 1.9187833070755005 203.08917236328125 187.47552490234375 268.25244140625 220.90850830078125 4.072673 1.5083896 1.6365763 -18.896717 2.292206 36.534195 1.441443920135498 0.22653765976428986
