Car 0.0 0 -1.82232666015625 698.401123046875 181.53123474121094 847.8048095703125 279.5785827636719 4.259629 1.4506431 1.5865953 2.7213645 1.6360856 13.221793 -1.6193372011184692 0.9689717292785645
Car 0.0 0 0.642951488494873 0.0 190.50010681152344 275.4420166015625 329.1189880371094 3.8138888 1.5515497 1.630476 -6.577221 1.7963908 9.142136 0.019297122955322266 0.9416154026985168
Car 0.0 0 0.4112582206726074 256.8916015625 181.6257781982422 463.5238037109375 250.55267333984375 4.353646 1.5219353 1.6538318 -5.905547 1.7433497 17.181953 0.0802011489868164 0.9275123476982117
Car 0.0 0 -1.7119561433792114 672.6272583007812 178.61026000976562 739.3114013671875 227.0381317138672 4.14063 1.4524368 1.6278028 3.0808678 1.6626029 24.214352 -1.5854029655456543 0.9246152639389038
Car 0.0 0 -2.2496790885925293 0.0 195.6840057373047 182.593017578125 375.0 4.1121955 1.4507989 1.6124262 -6.5272713 1.698676 6.764958 -3.017197608947754 0.8986464142799377
Car 0.0 0 3.416306972503662 287.8013000488281 177.7595977783203 454.0311279296875 235.9147491455078 4.0346537 1.5074431 1.5936608 -6.485192 1.6479714 19.731636 3.098759412765503 0.8852277994155884
Car 0.0 0 0.6191112399101257 50.384857177734375 178.18563842773438 343.86920166015625 294.3202209472656 3.8606708 1.6852314 1.6322447 -6.5518885 1.7785993 11.572424 0.10394287109375 0.7946535348892212
Car 0.0 0 -2.817068099975586 327.409423828125 161.0699920654297 463.2372131347656 219.131103515625 3.6783183 1.7173343 1.648145 -6.589665 1.3691443 22.229277 -3.1052563190460205 0.7842404842376709
Car 0.0 0 -1.653171420097351 648.8258056640625 171.97048950195312 682.2224731445312 200.129150390625 4.0190697 1.6175752 1.6713408 3.2650337 1.5671798 43.4617 -1.5781878232955933 0.7345414161682129
Car 0.0 0 -2.3668689727783203 896.2164306640625 213.7332305908203 1242.0 375.0 3.6498559 1.4371094 1.5072074 2.9864104 1.7474293 3.576952 -1.671204686164856 0.7307254672050476
