Pedestrian 0.0 0 1.2090650796890259 926.1016845703125 123.65618133544922 1019.4588623046875 292.62994384765625 0.86202776 1.8372939 0.69532144 4.092393 1.3027117 8.305099 1.6669012308120728 0.4058588743209839
Pedestrian 0.0 0 -1.916460633277893 764.9691162109375 165.4457550048828 809.8819580078125 244.23245239257812 1.0729849 1.7884443 0.69898784 4.103033 1.6206365 16.94711 -1.67892324924469 0.3631948232650757
Pedestrian 0.0 0 -3.362238883972168 1052.5653076171875 140.09889221191406 1135.36865234375 288.06512451171875 0.7295895 1.7777145 0.70586115 6.042238 1.3845417 9.125763 -2.7773990631103516 0.25093746185302734
Pedestrian 0.0 0 2.0545637607574463 13.501985549926758 183.99119567871094 59.32427978515625 265.64312744140625 0.576931 1.816268 0.623377 -13.143836 2.0763597 16.482447 1.381382942199707 0.17879509925842285
Pedestrian 0.0 0 1.4972584247589111 308.81231689453125 160.07748413085938 345.71630859375 237.86032104492188 1.0059116 1.9041749 0.7963573 -7.2227025 1.5917555 18.287003 1.1211011409759521 0.16841237246990204
Pedestrian 0.0 0 -0.6757329702377319 1066.8157958984375 86.44136810302734 1195.981201171875 308.17169189453125 0.6684954 1.7937738 0.5923058 4.3650026 1.0950631 6.1495895 -0.058457519859075546 0.16223686933517456
Pedestrian 0.0 0 2.4387831687927246 990.8693237304688 111.10359191894531 1090.7252197265625 287.15313720703125 0.70069385 1.7778752 0.57527214 4.484701 1.154633 7.626997 2.970335006713867 0.16213709115982056
Car 0.0 0 1.9018524885177612 238.45562744140625 195.9036865234375 448.7244567871094 330.6454772949219 3.7591527 1.4010054 1.5470986 -3.4822009 1.7818434 10.0255785 1.5675567388534546 0.9562972784042358
Car 0.0 0 2.941263437271118 389.6446533203125 182.87698364257812 483.6761779785156 220.72142028808594 3.9170287 1.5999217 1.6777134 -7.9473557 2.0798554 32.932014 2.704464912414551 0.9412358999252319
Car 0.0 0 1.4741992950439453 509.95184326171875 181.7152862548828 548.2756958007812 211.65078735351562 4.3798094 1.5366144 1.7244081 -4.653372 2.0657353 40.730553 1.3604447841644287 0.6925391554832458
Car 0.0 0 2.9304075241088867 414.9437561035156 181.55160522460938 496.564453125 212.39926147460938 3.7918909 1.4640666 1.6400677 -7.8665395 1.9243755 36.6283 2.7188544273376465 0.1924581676721573
Car 0.0 0 0.1443900465965271 367.18914794921875 166.57977294921875 443.0074462890625 193.96087646484375 4.1911693 1.604988 1.665725 -12.298822 1.2375723 43.39242 -0.13179874420166016 0.18621334433555603
