Pedestrian 0.0 0 3.0986289978027344 529.4959106445312 175.8292236328125 541.7958984375 200.73985290527344 0.8752689 1.8131661 0.5202918 -5.482176 2.033045 52.913532 2.9953911304473877 0.49680665135383606
Pedestrian 0.0 0 1.7821834087371826 1158.5753173828125 165.11708068847656 1216.9189453125 282.57037353515625 0.6995448 1.7666211 0.5808867 8.994295 1.6506076 11.296329 2.4546115398406982 0.4571828246116638
Pedestrian 0.0 0 2.238593101501465 278.1830749511719 191.95396423339844 315.1112060546875 262.8839111328125 0.54967 1.5505046 0.5408088 -7.1180024 1.9908457 16.284157 1.8265082836151123 0.38322198390960693
Pedestrian 0.0 0 -1.8230774402618408 702.8381958007812 148.0228271484375 717.7705688476562 184.43028259277344 0.60452706 1.9322574 0.6611936 5.331519 0.6147474 38.629753 -1.6859279870986938 0.2264099419116974
Pedestrian 0.0 0 0.8955275416374207 124.52421569824219 199.38182067871094 193.58419799804688 322.1774597167969 0.5906767 1.6794193 0.6103718 -6.556362 2.0770202 10.41688 0.3337719440460205 0.18143638968467712
Pedestrian 0.0 0 -0.5790807008743286 880.8389892578125 136.76873779296875 974.6763916015625 235.9626922607422 1.7948697 1.9158394 0.36074597 6.2283435 1.2192438 14.260375 -0.16729260981082916 0.1132507473230362
Cyclist 0.0 0 -0.6073781847953796 884.7376708984375 135.03866577148438 981.2621459960938 234.4438934326172 1.8469324 1.912475 0.39505538 6.326467 1.1852969 14.24697 -0.18947739899158478 0.32659798860549927
Cyclist 0.0 0 1.35984468460083 595.2310180664062 178.26992797851562 612.40576171875 211.9737548828125 1.5428547 1.6862617 0.57197744 -0.36386314 1.9717946 37.17442 1.3500570058822632 0.2666531801223755
Cyclist 0.0 0 0.5341936945915222 591.508056640625 132.305908203125 629.605224609375 182.28976440429688 1.3469758 1.8582982 0.56472045 -0.024581103 0.35116047 27.408098 0.5332968235015869 0.21413037180900574
Car 0.0 0 1.6992233991622925 389.3666076660156 184.5204620361328 460.2581787109375 237.76368713378906 3.9783418 1.4284718 1.623576 -5.6777964 1.8235297 22.336008 1.450296401977539 0.9610196352005005
Car 0.0 0 1.6887881755828857 434.0867004394531 183.6180419921875 480.18634033203125 221.23040771484375 3.537987 1.4427264 1.5041076 -6.4557114 1.9261796 30.550602 1.4805396795272827 0.887621283531189
Car 0.0 0 1.2713702917099 635.7688598632812 165.9013671875 729.564453125 228.774169921875 4.069545 1.7101017 1.6640676 2.029346 1.5213525 21.784796 1.364256501197815 0.8001329302787781
Car 0.0 0 -1.4217908382415771 536.8477172851562 173.98594665527344 567.0435180664062 197.46083068847656 3.8645105 1.659559 1.6648581 -4.267505 1.7464671 53.18285 -1.5018614530563354 0.37478911876678467
