Pedestrian 0.0 0 -0.7715620398521423 676.9911499023438 170.21343994140625 696.7796630859375 209.58966064453125 0.65595716 1.7959601 0.62987316 3.6241198 1.1128349 33.23351 -0.6629410982131958 0.20333270728588104
Cyclist 0.0 0 0.10795057564973831 415.40911865234375 158.6700897216797 491.3101501464844 228.53079223632812 1.8477379 1.7523292 0.6305794 -3.9847028 1.0876122 18.437702 -0.10489308089017868 0.523227870464325
Car 0.0 0 -1.6010762453079224 571.8553466796875 177.8953399658203 608.3558349609375 211.27322387695312 3.8013005 1.5441089 1.6611077 -0.9436207 1.20659 35.196465 -1.6278799772262573 0.9125200510025024
Car 0.0 0 -0.8943960666656494 0.0 202.26707458496094 273.7760009765625 376.0 3.8307533 1.4475876 1.5227439 -3.8694081 1.6058588 4.696004 -1.5835882425308228 0.8880354762077332
Car 0.0 0 -1.249246597290039 326.8114929199219 183.85842895507812 411.4415283203125 231.4882354736328 3.8540092 1.5178131 1.6357424 -8.172267 1.4756929 24.833885 -1.5671617984771729 0.8392183780670166
Car 0.0 0 -0.9046435356140137 0.0 191.55429077148438 121.2238540649414 271.40753173828125 3.9406078 1.4312285 1.5233039 -12.390712 1.5837339 15.179435 -1.589234471321106 0.7576677799224854
Car 0.0 0 -1.6033601760864258 390.7355651855469 179.56004333496094 417.2095642089844 203.2723388671875 3.687114 1.4984787 1.5550016 -13.493603 1.1422061 47.416527 -1.8806071281433105 0.24166327714920044
Car 0.0 0 -1.5195600986480713 389.0460205078125 186.98011779785156 430.02789306640625 223.53770446777344 3.694578 1.5029639 1.5567421 -8.7242565 1.5867807 31.711946 -1.7880281209945679 0.23853883147239685
Car 0.0 0 2.238802433013916 0.0 206.31317138671875 109.28186798095703 376.0 3.9774694 1.4936455 1.6217461 -8.196991 1.8123702 8.768029 1.4870513677597046 0.20256482064723969
Car 0.0 0 -0.3563128709793091 649.6179809570312 162.5062713623047 723.4299926757812 189.21615600585938 3.890488 1.4823668 1.5840214 4.4654236 0.22315274 41.13745 -0.2481873482465744 0.1916806697845459
