Pedestrian 0.0 0 3.725849151611328 0.0 98.74026489257812 131.86866760253906 282.470703125 1.0880667 1.8519166 0.61242545 -5.8512077 1.1052428 7.614032 3.070627212524414 0.34480196237564087
Pedestrian 0.0 0 -2.2700016498565674 845.7486572265625 152.35455322265625 866.358642578125 194.41317749023438 0.5639052 1.8714243 0.67326826 11.037577 0.9596472 32.487488 -1.942488670349121 0.1221652626991272
Pedestrian 0.0 0 0.5643768310546875 76.68818664550781 144.88873291015625 140.98606872558594 256.73773193359375 0.63423485 1.7656132 0.6010177 -8.16832 1.3245199 11.701703 -0.04503610357642174 0.11068524420261383
Pedestrian 0.0 0 -0.9999251365661621 402.7054443359375 150.6750030517578 432.84783935546875 203.34664916992188 0.98110884 1.8197271 0.5939457 -6.826004 1.0538338 25.482958 -1.2616463899612427 0.10443614423274994
Pedestrian 0.0 0 -1.1677089929580688 374.8733825683594 164.86077880859375 400.73687744140625 213.22702026367188 0.8781101 1.7221609 0.6010973 -8.092226 1.4379066 26.156448 -1.4677469730377197 0.10217126458883286
Cyclist 0.0 0 -1.371659517288208 436.14593505859375 171.78201293945312 452.4184265136719 209.26974487304688 1.5622944 1.7025193 0.4393996 -7.7373486 1.6541927 33.55306 -1.5982980728149414 0.11719101667404175
Cyclist 0.0 0 -0.1584342122077942 367.87451171875 162.17433166503906 411.7312927246094 211.6271514892578 1.4461231 1.7535673 0.5882075 -8.028046 1.3752309 26.165083 -0.4561387002468109 0.10565793514251709
Car 0.0 0 -0.21737700700759888 674.3161010742188 181.5135498046875 822.5744018554688 227.9135284423828 4.4847503 1.4320414 1.6919689 4.3902974 1.7258431 23.52849 -0.03290349990129471 0.9674861431121826
Car 0.0 0 -3.224447727203369 642.3330078125 179.3701629638672 711.6203002929688 202.51416015625 4.239469 1.4219269 1.6514019 4.1647887 1.8421364 45.644833 -3.133456230163574 0.8663781881332397
Car 0.0 0 1.4352606534957886 627.372314453125 182.25653076171875 651.3258056640625 200.70062255859375 4.0200877 1.4635078 1.5028466 2.4447248 2.291499 61.436035 1.4750326871871948 0.44715526700019836
Car 0.0 0 -1.5003973245620728 483.4500732421875 180.43002319335938 511.7658386230469 206.63038635253906 3.7540994 1.6379637 1.609455 -7.495238 2.1644127 48.164154 -1.6547776460647583 0.1668539196252823
