Car 0.0 0 -1.2660478353500366 260.6890869140625 191.5058135986328 444.5350036621094 300.7341613769531 4.5005727 1.4950814 1.644144 -4.1496053 1.6242411 12.362197 -1.589898943901062 0.9516913294792175
Car 0.0 0 -1.3703861236572266 431.1104736328125 185.302001953125 501.4093017578125 233.56027221679688 3.525105 1.4463565 1.5642012 -4.5459657 1.4504999 23.31613 -1.562941312789917 0.9512705206871033
Car 0.0 0 -1.572084903717041 578.6544799804688 180.65969848632812 609.5094604492188 209.02755737304688 3.6980507 1.4856207 1.6163418 -0.78564113 1.2481552 39.50831 -1.5919677019119263 0.9254953861236572
Car 0.0 0 -1.3196682929992676 382.7667236328125 182.20574951171875 439.2943115234375 218.62686157226562 3.5299551 1.5200382 1.5824153 -8.661752 1.3955495 31.7744 -1.5858033895492554 0.9183712005615234
Car 0.0 0 -0.9890809059143066 3.0836384296417236 186.4426727294922 245.83843994140625 283.53753662109375 4.0608416 1.4611379 1.6145092 -8.383223 1.4877671 12.900183 -1.5653527975082397 0.8653928637504578
Car 0.0 0 -1.4055142402648926 473.0745849609375 183.19761657714844 521.0043334960938 216.21240234375 3.8674035 1.4482559 1.5914093 -5.125824 1.3608606 33.474327 -1.5574610233306885 0.7832791805267334
Car 0.0 0 -1.1847026348114014 264.1056213378906 189.13194274902344 367.0251770019531 243.3962860107422 3.5135214 1.4296212 1.5647749 -8.434196 1.5544813 20.94814 -1.5674679279327393 0.7753172516822815
Car 0.0 0 -1.194398045539856 252.33340454101562 171.5471649169922 339.1963806152344 217.5050811767578 4.3239446 1.7049758 1.7237681 -12.428867 1.1990234 28.85192 -1.6011552810668945 0.5999361276626587
Car 0.0 0 -1.0193713903427124 362.90802001953125 180.3956298828125 419.6881408691406 206.8224334716797 3.4602349 1.4493184 1.5392836 -12.403498 1.1861044 41.289978 -1.311194896697998 0.5880435705184937
Car 0.0 0 -1.4374364614486694 504.95416259765625 183.34959411621094 538.8192749023438 208.94784545898438 3.4248114 1.4601953 1.558896 -5.09053 1.3548793 42.725502 -1.5560224056243896 0.47081637382507324
