Pedestrian 0.0 0 1.1694014072418213 741.8215942382812 171.64295959472656 764.40185546875 223.47265625 0.6244271 1.567131 0.4730554 4.3470936 1.530872 22.168072 1.3630414009094238 0.3351691961288452
Pedestrian 0.0 0 1.2227540016174316 721.0684814453125 171.89727783203125 747.914794921875 230.4851837158203 0.65259415 1.7173744 0.6014467 3.6621761 1.6896882 21.522274 1.3912972211837769 0.2597890794277191
Pedestrian 0.0 0 1.3628979921340942 362.34320068359375 155.03646850585938 376.63946533203125 197.52525329589844 0.3700229 1.9108377 0.5507517 -10.956031 1.1098924 32.745735 1.0400269031524658 0.2467317134141922
Pedestrian 0.0 0 -1.5560691356658936 440.866943359375 170.980712890625 454.9874572753906 211.77113342285156 0.7102087 1.7016479 0.5734223 -6.889721 1.6238582 30.504065 -1.7782042026519775 0.19330088794231415
Car 0.0 0 3.1258597373962402 160.9392852783203 191.12600708007812 365.42144775390625 268.4712219238281 4.1128716 1.5418864 1.7346512 -8.04331 2.0123773 16.871174 2.680985450744629 0.9285561442375183
Car 0.0 0 1.678268313407898 443.99444580078125 186.33090209960938 507.6583251953125 235.53700256347656 4.3108854 1.4509811 1.684228 -4.5403247 1.9540088 24.697563 1.4964613914489746 0.9178628921508789
Car 0.0 0 -2.1133573055267334 546.4794921875 161.0265655517578 601.0734252929688 195.5313720703125 4.8083153 2.408686 1.7565918 -2.737679 1.5834023 52.84956 -2.1651124954223633 0.5201011896133423
Car 0.0 0 -1.720793604850769 461.06646728515625 177.06883239746094 491.1352233886719 199.0965576171875 3.9096982 1.5669616 1.6515656 -10.1279335 1.8966184 54.252476 -1.905350685119629 0.491587370634079
Car 0.0 0 1.1822197437286377 627.1181640625 157.95509338378906 670.7289428710938 185.61892700195312 3.526271 1.8230256 1.7791789 2.599602 0.841556 49.50394 1.2346845865249634 0.39077574014663696
Car 0.0 0 1.371700644493103 442.288330078125 172.5492401123047 471.4949035644531 192.33753967285156 4.1967144 1.6547078 1.6765388 -13.336111 1.6295801 62.591225 1.1617729663848877 0.36024942994117737
