Cyclist 0.0 0 0.9320863485336304 92.92105102539062 165.8572235107422 142.99525451660156 210.66424560546875 1.9919467 1.8380306 0.6793402 -20.666288 1.5513736 30.24173 0.3326089382171631 0.7036018967628479
Car 0.0 0 -1.9127819538116455 733.2673950195312 177.65890502929688 1037.5218505859375 375.0 4.190915 1.5940936 1.6273718 2.535293 1.6613748 7.9262285 -1.6032048463821411 0.9715561270713806
Car 0.0 0 3.5116608142852783 203.38671875 191.51304626464844 417.0893859863281 265.6698303222656 4.0469213 1.5083561 1.6531051 -6.559857 1.9442995 15.975178 3.122025966644287 0.9566909670829773
Car 0.0 0 3.603229284286499 0.0 190.2540740966797 340.1534423828125 299.46490478515625 4.3407316 1.4895391 1.6854972 -6.707021 1.7837744 11.172154 3.0625643730163574 0.9510164260864258
Car 0.0 0 2.1056342124938965 0.0 211.94772338867188 388.9361572265625 375.0 3.7865174 1.5001454 1.560829 -2.6573725 1.8322086 4.204463 1.5419913530349731 0.9486803412437439
Car 0.0 0 -1.6857677698135376 640.4181518554688 182.68829345703125 676.45166015625 210.39947509765625 4.106395 1.4638914 1.6066086 2.7140303 2.0609813 41.68845 -1.6207568645477295 0.9287751317024231
Car 0.0 0 -2.724421262741089 255.5514373779297 188.40919494628906 415.6385498046875 251.3189239501953 3.5107675 1.4981332 1.534509 -6.9991617 1.9153045 18.46894 -3.08666729927063 0.658203125
Car 0.0 0 -3.0094552040100098 490.46575927734375 181.4170684814453 548.9895629882812 205.9085235595703 3.8224823 1.6420375 1.6911844 -6.230972 2.2440693 49.834995 -3.1338417530059814 0.5494305491447449
Car 0.0 0 0.09702187031507492 443.287841796875 188.50015258789062 531.6224365234375 220.43211364746094 4.1722994 1.495896 1.6722039 -6.048697 2.2926252 35.741467 -0.07062440365552902 0.5454571843147278
Car 0.0 0 0.32356202602386475 384.3108825683594 188.39508056640625 504.8084716796875 232.71817016601562 3.9378688 1.4974792 1.6030648 -5.969557 2.080563 26.06084 0.09838438034057617 0.4972503185272217
