Pedestrian 0.0 0 1.7793753147125244 902.0604858398438 164.47406005859375 979.5994262695312 312.8469543457031 0.7205553 1.729442 0.7359438 4.153324 1.5323339 8.879539 2.2168843746185303 0.8297215700149536
Pedestrian 0.0 0 0.5654399394989014 273.6038513183594 195.8645782470703 396.99493408203125 374.0 0.8725212 1.6521485 0.61308426 -2.4802742 1.7934477 6.6054664 0.20624136924743652 0.7150240540504456
Pedestrian 0.0 0 1.2505624294281006 1130.4400634765625 105.73916625976562 1238.0 321.1785888671875 0.68655217 1.7512007 0.6437666 5.070589 1.1367686 6.270986 1.9305126667022705 0.28375452756881714
Pedestrian 0.0 0 -1.0064374208450317 1108.67724609375 127.74917602539062 1191.5404052734375 269.6261901855469 0.659974 1.8659148 0.6532833 7.4815154 1.1603324 9.866157 -0.35764482617378235 0.20893777906894684
Pedestrian 0.0 0 0.544192910194397 947.0359497070312 163.24514770507812 1067.284912109375 374.0 0.5297887 1.6084316 0.59389454 2.8818903 1.4871113 5.2043033 1.0499117374420166 0.2051699459552765
Pedestrian 0.0 0 3.4154021739959717 135.04107666015625 165.22463989257812 175.88772583007812 240.4418487548828 0.70191175 1.7888987 0.629908 -10.878063 1.4030197 17.482002 2.8587875366210938 0.16728751361370087
Pedestrian 0.0 0 1.329222559928894 995.458251953125 97.998291015625 1069.266845703125 232.225830078125 0.71615213 1.808199 0.7387579 6.0067525 0.6846603 10.123913 1.8647181987762451 0.16117627918720245
Car 0.0 0 -0.8308463096618652 1014.67431640625 149.6956329345703 1126.8582763671875 192.54542541503906 3.6589036 1.6200598 1.6950024 18.533297 0.41863233 28.434908 -0.2532210052013397 0.6745941638946533
Car 0.0 0 -1.2911510467529297 1009.2335205078125 59.50891876220703 1238.0 374.0 3.6491122 1.5030038 1.5987877 4.1336317 1.0846832 4.038183 -0.49407315254211426 0.2760213613510132
Car 0.0 0 2.896364212036133 251.13365173339844 176.6273651123047 336.8433837890625 210.7011260986328 3.5209703 1.5593535 1.5500473 -14.772544 1.3372928 34.552998 2.4923501014709473 0.21910572052001953
Car 0.0 0 0.06431174278259277 165.60824584960938 157.2273406982422 283.4400634765625 197.55526733398438 4.0911922 1.5304505 1.6259516 -15.017036 0.61032635 28.828455 -0.41592374444007874 0.20369499921798706
