Pedestrian 0.0 0 2.882307767868042 680.3908081054688 153.48333740234375 708.8695678710938 200.08116149902344 1.0137516 1.8673596 0.656479 3.3911853 1.0914584 29.309752 2.997497081756592 0.40335243940353394
Pedestrian 0.0 0 1.1151936054229736 1190.5601806640625 107.55156707763672 1232.07958984375 201.5920867919922 0.43816814 1.9573036 0.53748536 12.687126 0.5984952 15.29097 1.807791829109192 0.1961769163608551
Pedestrian 0.0 0 2.3531715869903564 1036.267333984375 159.22296142578125 1152.1290283203125 280.754638671875 1.4945953 1.706276 0.49645713 7.000537 1.5152574 10.520081 2.9403281211853027 0.10146927088499069
Cyclist 0.0 0 2.274163246154785 1029.53857421875 153.78199768066406 1145.7435302734375 273.6156005859375 1.6449815 1.6955584 0.48895696 7.0136414 1.4260613 10.673115 2.8555355072021484 0.260202020406723
Cyclist 0.0 0 2.8297276496887207 676.9821166992188 153.78244018554688 709.88232421875 200.43350219726562 1.1914563 1.867702 0.6295826 3.3432074 1.1045191 29.310406 2.9432990550994873 0.1351100206375122
Car 0.0 0 1.8807989358901978 336.8229675292969 182.09854125976562 413.77362060546875 225.18075561523438 4.182112 1.5093241 1.6654457 -9.126387 1.8986903 28.266474 1.5684950351715088 0.9649654626846313
Car 0.0 0 -1.634667158126831 584.0823974609375 171.3642578125 613.4642333984375 199.0189208984375 4.401862 1.7308805 1.6438745 -0.81203383 1.637997 47.417885 -1.6517904996871948 0.7451609373092651
Car 0.0 0 1.7564797401428223 448.3983459472656 178.48464965820312 480.7102355957031 200.63417053222656 4.080192 1.4820304 1.5293881 -10.337658 1.8992614 51.367496 1.5578835010528564 0.6849484443664551
Car 0.0 0 -1.418971061706543 551.4576416015625 175.72100830078125 575.226318359375 191.98931884765625 4.1446176 1.4499148 1.6020911 -4.3310275 1.7257454 67.19107 -1.4833403825759888 0.43550199270248413
Car 0.0 0 1.7744120359420776 405.0737609863281 175.32371520996094 462.677490234375 215.172607421875 3.9128635 1.5628047 1.607852 -7.4134083 1.6744378 30.523636 1.5361510515213013 0.405916303396225
