Pedestrian 0.0 0 -1.934723138809204 701.2362060546875 163.0510711669922 725.232177734375 208.1418914794922 0.8896146 1.8345459 0.7119761 4.2259765 1.4360663 29.86605 -1.7941585779190063 0.6981053948402405
Pedestrian 0.0 0 0.14324378967285156 773.31103515625 119.40336608886719 861.9907836914062 265.4334411621094 1.0521195 1.8107133 0.476377 2.6450372 1.1483052 9.375339 0.41822385787963867 0.38100138306617737
Cyclist 0.0 0 1.7194170951843262 519.4176635742188 171.8709259033203 538.7478637695312 213.86317443847656 1.740633 1.7944857 0.59570324 -3.5856123 1.7528337 31.711746 1.6068264245986938 0.9013460874557495
Cyclist 0.0 0 1.6960996389389038 443.7411804199219 177.2831268310547 478.3331298828125 252.68955993652344 1.9517885 1.6978781 0.57952887 -3.609227 1.8109084 17.35651 1.4910749197006226 0.8312533497810364
Cyclist 0.0 0 1.6240594387054443 479.06109619140625 173.0869140625 508.9620666503906 249.82415771484375 1.9351168 1.7965057 0.63419396 -2.9047887 1.8029617 17.891354 1.4631067514419556 0.7642746567726135
Car 0.0 0 2.0985147953033447 0.0 189.21644592285156 310.95025634765625 375.0 3.9548361 1.5060505 1.5892152 -4.9535 1.7337646 8.0261965 1.5455684661865234 0.9549556374549866
Car 0.0 0 1.8107001781463623 402.02166748046875 177.1768341064453 485.84912109375 237.9522247314453 4.373401 1.8002199 1.7043701 -5.4166384 1.9568696 23.88367 1.5876802206039429 0.9253687858581543
Car 0.0 0 -2.0926315784454346 816.9600830078125 190.86155700683594 1242.0 375.0 3.613306 1.3981209 1.5840238 2.519337 1.5534505 4.3987556 -1.5724984407424927 0.8891737461090088
Car 0.0 0 -1.553740382194519 641.4263305664062 174.55821228027344 669.4525146484375 201.7150421142578 3.7767184 1.5999124 1.660076 2.8123026 1.7104548 44.698986 -1.4909067153930664 0.8274359107017517
Car 0.0 0 1.745934009552002 504.6471862792969 179.16934204101562 544.3301391601562 207.38681030273438 4.0996065 1.5422229 1.6305325 -5.0116878 1.9325922 42.46325 1.6284533739089966 0.5453046560287476
