Pedestrian 0.0 0 -1.5838593244552612 287.32305908203125 154.41529846191406 304.2420654296875 197.75582885742188 0.5619338 1.9286584 0.690832 -14.197521 1.1084921 32.50413 -1.995674729347229 0.46805259585380554
Pedestrian 0.0 0 -1.5916814804077148 340.1875915527344 174.94224548339844 376.3277587890625 248.46543884277344 1.0201795 1.817252 0.8504651 -6.5102124 1.8729573 18.493965 -1.9301531314849854 0.282082200050354
Pedestrian 0.0 0 1.8934681415557861 253.2164764404297 142.50186157226562 281.5185241699219 203.7990264892578 0.66489077 1.8603085 0.61063933 -10.611963 0.9395093 22.26238 1.4486523866653442 0.22046279907226562
Pedestrian 0.0 0 1.6645539999008179 293.92498779296875 145.65081787109375 318.3834228515625 204.27432250976562 0.77966696 1.823683 0.647297 -9.687667 0.97779405 22.9124 1.26453697681427 0.21745367348194122
Pedestrian 0.0 0 1.7789690494537354 269.03399658203125 143.343505859375 295.78509521484375 203.2509765625 0.78696835 1.907928 0.64370704 -10.676357 0.9684384 23.430817 1.3514227867126465 0.185662642121315
Cyclist 0.0 0 1.8744856119155884 363.727294921875 179.1912384033203 403.0328063964844 242.76614379882812 1.8492378 1.7548484 0.56840575 -6.6256366 1.9480016 21.023247 1.5691814422607422 0.23726165294647217
Car 0.0 0 2.036545515060425 0.0 187.58924865722656 403.0683898925781 375.0 4.0134807 1.5033578 1.6715126 -3.4716396 1.6871482 6.9696155 1.5744104385375977 0.9495602250099182
Car 0.0 0 -1.575690507888794 495.8349304199219 183.32427978515625 526.6415405273438 213.3469696044922 3.4332771 1.4267647 1.508465 -5.1595063 1.9954014 37.352787 -1.7129510641098022 0.8919979929924011
Car 0.0 0 3.2499284744262695 325.0205078125 179.24952697753906 437.8533020019531 221.9298553466797 4.4374566 1.7267917 1.8045586 -9.7280445 2.012778 30.903225 2.944958209991455 0.8181353807449341
Car 0.0 0 -1.5511062145233154 505.4188232421875 182.98130798339844 533.7022094726562 210.73101806640625 3.9232352 1.5579696 1.6371745 -5.5124416 2.2049417 44.029972 -1.6756556034088135 0.38991862535476685
Car 0.0 0 2.0116684436798096 224.74314880371094 179.3416748046875 319.3018798828125 227.05767822265625 3.768839 1.4937081 1.4953979 -11.626547 1.7357332 24.986269 1.5761497020721436 0.17729052901268005
