Car 0.0 0 -1.8120112419128418 732.8184204101562 175.2193603515625 879.4468383789062 278.72357177734375 3.8025618 1.5855796 1.637748 3.3009083 1.6349591 13.044297 -1.5641605854034424 0.9687439799308777
Car 0.0 0 -1.9277544021606445 786.5554809570312 194.70030212402344 1076.1328125 372.5364074707031 3.729692 1.4029106 1.6096977 3.1450229 1.7032872 8.02846 -1.5543938875198364 0.9678799510002136
Car 0.0 0 3.6336793899536133 33.22526550292969 185.38360595703125 361.4735107421875 286.3541564941406 4.2503333 1.4518554 1.664182 -6.4095316 1.6663439 11.458242 3.123661994934082 0.9615541696548462
Car 0.0 0 3.4705984592437744 224.9135284423828 180.75375366210938 425.9263000488281 250.52951049804688 4.069875 1.5304227 1.687889 -6.611589 1.7267174 16.963537 3.098956823348999 0.9222384691238403
Car 0.0 0 -1.727156162261963 678.3477783203125 180.11160278320312 735.8002319335938 224.74227905273438 3.3485734 1.4987656 1.5726842 3.4525595 1.7824801 26.473394 -1.5974719524383545 0.9118285179138184
Car 0.0 0 -2.8633642196655273 335.21209716796875 175.990478515625 476.0421142578125 230.5206298828125 3.7549317 1.5610564 1.5894363 -6.07349 1.6585702 21.546417 -3.1381146907806396 0.814437747001648
Car 0.0 0 3.146132707595825 513.8720703125 173.9562225341797 569.6661987304688 198.364013671875 4.1825676 1.828169 1.7454137 -5.2352333 1.9144597 55.193848 3.0515639781951904 0.7890073657035828
Car 0.0 0 -3.3570733070373535 726.6600341796875 179.52366638183594 819.7267456054688 212.86981201171875 3.9918993 1.5074781 1.6124114 7.543742 1.8274311 33.756725 -3.137212038040161 0.7369705438613892
Car 0.0 0 4.042910099029541 0.0 218.58477783203125 126.50341033935547 375.0 4.252196 1.5169963 1.6056168 -5.7799144 1.8576978 4.561475 3.140230894088745 0.595265805721283
Car 0.0 0 0.1369817852973938 461.29681396484375 166.79544067382812 534.711181640625 198.09786987304688 3.8829584 1.7213197 1.7009922 -6.2858677 1.3885175 40.557556 -0.016781173646450043 0.573174774646759
Car 0.0 0 0.23792141675949097 370.53936767578125 181.0484161376953 503.3323974609375 230.59024047851562 4.034961 1.5760976 1.6192391 -5.737866 1.8587731 24.03903 0.003615856170654297 0.5456220507621765
Car 0.0 0 3.157623767852783 414.1024169921875 175.0689697265625 519.2791137695312 210.96035766601562 4.31868 1.475713 1.6071936 -6.1551104 1.574816 30.986668 2.961538791656494 0.53328937292099
Car 0.0 0 3.3222386837005615 294.6590270996094 186.01358032226562 474.51043701171875 247.96263122558594 4.2885866 1.4985195 1.5728819 -5.832401 1.8629327 18.924288 3.0232791900634766 0.5280777215957642
