Pedestrian 0.0 0 -2.073211669921875 722.1500854492188 172.6426239013672 809.8963623046875 315.60736083984375 0.98048633 1.751117 0.72926563 2.078592 1.6439666 9.368771 -1.854884147644043 0.8523766994476318
Pedestrian 0.0 0 -1.4178248643875122 685.781005859375 183.844482421875 725.8782348632812 278.25732421875 0.8544428 1.6678665 0.6093972 1.8884566 1.7138667 13.20918 -1.2758216857910156 0.7978010177612305
Pedestrian 0.0 0 2.288548469543457 357.9922180175781 168.42947387695312 429.46221923828125 287.7227478027344 0.8811917 1.7771459 0.6584711 -3.2802892 1.5837381 11.236787 2.004517078399658 0.7869282364845276
Pedestrian 0.0 0 -0.844659149646759 637.21875 173.54403686523438 678.7177124023438 237.45419311523438 0.7118287 1.6256783 0.81674314 1.4468892 1.4244822 18.810623 -0.7678915858268738 0.7827179431915283
Pedestrian 0.0 0 1.1470575332641602 707.414306640625 170.7779541015625 757.8262939453125 277.13836669921875 0.7002079 1.6841778 0.57393724 2.1000376 1.5156943 11.781661 1.323451280593872 0.7455633878707886
Pedestrian 0.0 0 1.456473469734192 294.32989501953125 168.34481811523438 340.72186279296875 276.88201904296875 0.67020744 1.659339 0.61094713 -4.5623155 1.4595226 11.419365 1.0763771533966064 0.6682388186454773
Pedestrian 0.0 0 -1.87852942943573 773.3069458007812 165.3247833251953 814.1227416992188 256.6153259277344 0.66378206 1.7466489 0.5980981 3.7232914 1.4384269 14.087426 -1.6201388835906982 0.6542303562164307
Pedestrian 0.0 0 -1.0935500860214233 858.8080444335938 164.96212768554688 926.0941162109375 286.6048889160156 0.8663047 1.7338831 0.6047448 4.3139095 1.4994695 10.74835 -0.7118756771087646 0.6111012101173401
Pedestrian 0.0 0 -0.9548375010490417 897.0032958984375 168.82118225097656 969.9724731445312 295.6279296875 0.7972701 1.7180129 0.58767116 4.661004 1.5475608 10.183768 -0.5256074070930481 0.5607141852378845
Pedestrian 0.0 0 -3.256587266921997 787.8549194335938 166.4519500732422 821.3924560546875 239.80140686035156 0.7153389 1.7289617 0.5473813 4.83962 1.3754579 17.25636 -2.9831573963165283 0.5591757893562317
Pedestrian 0.0 0 1.269783616065979 735.68310546875 173.83444213867188 772.5219116210938 248.51336669921875 0.6689829 1.6605523 0.6482966 3.428209 1.4913199 16.333683 1.4766664505004883 0.5023708343505859
Pedestrian 0.0 0 1.1175673007965088 671.7765502929688 179.49732971191406 693.5828247070312 225.22471618652344 0.7527184 1.7723595 0.58152086 3.1776285 1.6957543 28.291492 1.229416012763977 0.49376732110977173
Pedestrian 0.0 0 2.254378318786621 186.47340393066406 170.91188049316406 232.7396697998047 242.75531005859375 0.90237266 1.7797176 0.6006846 -9.998896 1.5186144 18.290474 1.7540936470031738 0.40809085965156555
Pedestrian 0.0 0 2.8957221508026123 699.9889526367188 176.94073486328125 719.0858764648438 222.06103515625 0.6044487 1.7616767 0.6538687 4.251784 1.5846778 28.398783 3.04433536529541 0.3463227152824402
Pedestrian 0.0 0 1.3675786256790161 680.0150146484375 188.8439483642578 698.0145263671875 227.1161651611328 0.7876764 1.6861411 0.6547086 3.9117699 2.0208447 32.22489 1.488377332687378 0.28957217931747437
Cyclist 0.0 0 -0.9215705394744873 188.43394470214844 170.5613250732422 234.53004455566406 242.22511291503906 0.9217604 1.7817022 0.6020492 -9.986789 1.5109317 18.357515 -1.4198081493377686 0.1445283740758896
Car 0.0 0 1.7036861181259155 550.5213012695312 181.3402099609375 600.095947265625 217.29034423828125 4.2768784 1.5098965 1.6801255 -1.1197325 1.504163 32.377853 1.6691166162490845 0.9650720357894897
