Pedestrian 0.0 0 1.4966979026794434 893.2362060546875 160.13125610351562 935.672607421875 259.20208740234375 0.4728887 1.7122058 0.6582418 5.338596 1.4926808 12.79558 1.8919620513916016 0.511883020401001
Pedestrian 0.0 0 2.658174991607666 79.32376861572266 193.63172912597656 118.43524932861328 253.9684600830078 0.6867661 1.7092768 0.71139145 -15.081331 2.3344188 21.226614 2.04044246673584 0.4683646857738495
Pedestrian 0.0 0 -0.5063472986221313 745.482666015625 165.2518768310547 766.2745361328125 205.3936004638672 0.7071377 1.9058498 0.74554753 6.9773006 1.5452743 34.71686 -0.3080122172832489 0.3207218647003174
Pedestrian 0.0 0 -1.99541437625885 739.3705444335938 178.4178924560547 753.94140625 204.39849853515625 1.4889073 1.6950518 0.3739031 9.086189 2.072786 48.168804 -1.8089728355407715 0.1161482036113739
Cyclist 0.0 0 -2.3438093662261963 753.706787109375 180.5992431640625 776.2070922851562 207.74862670898438 1.600089 1.6303627 0.3337208 9.521895 2.1169658 44.529488 -2.133148431777954 0.29450172185897827
Cyclist 0.0 0 -1.1679346561431885 0.0 210.72259521484375 47.57439422607422 317.82403564453125 1.6169142 1.660232 0.3703486 -10.462543 2.3651998 12.595062 -1.8611085414886475 0.23373393714427948
Cyclist 0.0 0 -1.5880881547927856 759.6190185546875 178.76792907714844 765.5140380859375 204.80201721191406 1.5773777 1.6272012 0.34055477 9.7490015 2.0134218 46.26848 -1.3804208040237427 0.19026224315166473
Cyclist 0.0 0 -1.9718860387802124 740.2537231445312 178.1267852783203 753.7619018554688 204.20252990722656 1.3562165 1.7018205 0.38371888 9.093019 2.0586622 48.075912 -1.7849555015563965 0.1568872183561325
Car 0.0 0 -1.5121630430221558 601.45947265625 179.73731994628906 630.60546875 205.83004760742188 4.185127 1.5437841 1.6157331 0.39356476 2.0030465 45.959515 -1.503600001335144 0.7845762968063354
Car 0.0 0 1.630213975906372 501.2726745605469 175.77957153320312 528.9610595703125 201.24537658691406 4.019533 1.680422 1.6740646 -6.5845137 1.8924916 50.1481 1.4996594190597534 0.2596912980079651
Car 0.0 0 -2.437354803085327 0.0 207.4369354248047 72.77994537353516 236.968994140625 3.3290105 1.5442258 1.7650975 -32.748363 3.5463033 40.83187 -3.1133320331573486 0.21913273632526398
Car 0.0 0 1.8547834157943726 452.9051513671875 186.39511108398438 486.52618408203125 206.02748107910156 3.9812558 1.5013578 1.7019892 -11.660128 2.6679401 60.07893 1.6630864143371582 0.19918575882911682
Car 0.0 0 2.943554162979126 77.32552337646484 196.96310424804688 149.7659454345703 221.31309509277344 3.9722803 1.5301673 1.8740883 -35.44812 3.3219185 51.53208 2.341005802154541 0.14807458221912384
Car 0.0 0 1.8512535095214844 373.26361083984375 173.9606170654297 456.6766662597656 225.3223114013672 4.2106752 1.6351019 1.7039679 -6.7306376 1.6773362 25.180212 1.590061068534851 0.14499126374721527
