Car 0.0 0 -1.3725333213806152 421.7734680175781 179.29356384277344 508.8837585449219 241.6951446533203 3.6946328 1.5790795 1.6799673 -3.903729 1.4303504 20.039164 -1.564928650856018 0.9615828990936279
Car 0.0 0 -1.1173326969146729 0.0 191.07632446289062 405.1693420410156 376.0 4.151632 1.4276494 1.5959736 -3.1472526 1.4962462 6.182064 -1.5882291793823242 0.9529080986976624
Car 0.0 0 -1.548451542854309 568.7783813476562 178.3092803955078 613.1163330078125 219.31338500976562 3.7190447 1.6277609 1.7601194 -0.7065022 1.3547249 30.393314 -1.571692705154419 0.9371231198310852
Car 0.0 0 1.6749837398529053 499.95574951171875 178.77073669433594 542.4712524414062 214.1007843017578 3.5215256 1.4787239 1.5137329 -3.8181043 1.2101045 31.855616 1.5556962490081787 0.8407298922538757
Car 0.0 0 -1.2408699989318848 308.0791015625 175.88775634765625 400.9775390625 230.75054931640625 4.0148215 1.6207747 1.6120661 -8.101339 1.3463368 23.244658 -1.5762300491333008 0.8325964212417603
Car 0.0 0 2.0329790115356445 118.85253143310547 187.72052001953125 283.19244384765625 263.6094665527344 3.8935835 1.4427572 1.5438095 -8.747598 1.5057553 15.772336 1.5265984535217285 0.6282428503036499
Car 0.0 0 2.0220978260040283 191.0464324951172 183.3439483642578 293.2197570800781 229.5960235595703 4.0192275 1.4621098 1.5283256 -12.48307 1.4040722 24.742083 1.5548344850540161 0.5882163643836975
Car 0.0 0 -1.3980541229248047 386.9230651855469 186.54811096191406 438.55548095703125 222.3357696533203 3.3337173 1.3927728 1.5179896 -8.068098 1.4524076 29.83037 -1.6622002124786377 0.573021411895752
Car 0.0 0 2.19293475151062 10.853395462036133 189.25680541992188 192.67019653320312 256.9494934082031 4.0501747 1.455935 1.5917802 -12.280394 1.568264 17.738737 1.5874004364013672 0.5038527846336365
Car 0.0 0 -1.109457015991211 0.0 191.12762451171875 166.4866180419922 309.2609558105469 3.2430189 1.431175 1.5496274 -8.092324 1.5339565 10.617725 -1.7606903314590454 0.49541133642196655
