Pedestrian 0.0 0 2.321211814880371 721.3460693359375 128.81874084472656 764.9547729492188 212.79562377929688 0.6868374 1.7647516 0.6291965 2.830827 0.8397202 15.617693 2.5005226135253906 0.4456818997859955
Pedestrian 0.0 0 1.0963916778564453 420.5109558105469 176.12350463867188 446.3797607421875 227.98646545410156 0.7019037 1.7944899 0.6370996 -6.2847385 1.9125401 25.496498 0.8547153472900391 0.41480448842048645
Car 0.0 0 -1.8251619338989258 702.716064453125 185.5214385986328 842.9752197265625 287.461181640625 3.4239125 1.5215697 1.5983853 2.708944 1.7800246 12.9500265 -1.6189509630203247 0.9790729284286499
Car 0.0 0 -1.4071297645568848 396.5603332519531 192.9542999267578 478.4892883300781 256.22625732421875 3.4757001 1.4184211 1.557422 -4.5118113 2.0005758 19.094942 -1.6391572952270508 0.978646457195282
Car 0.0 0 -1.6948432922363281 653.9193725585938 181.05172729492188 716.5429077148438 231.87283325195312 3.4360592 1.4838681 1.5857986 2.3169467 1.7694314 23.362608 -1.5959932804107666 0.9375897645950317
Car 0.0 0 -1.4006567001342773 454.53375244140625 183.6711883544922 513.0097045898438 226.62222290039062 4.03155 1.5016072 1.5938312 -4.904541 1.9558575 28.256039 -1.572519302368164 0.924358606338501
Car 0.0 0 1.6779769659042358 498.4178466796875 182.2740936279297 531.8336181640625 215.51580810546875 3.8435144 1.8068415 1.5394353 -5.5454884 2.3842082 42.25442 1.5474823713302612 0.9063767790794373
Car 0.0 0 -1.6959939002990723 629.8070678710938 179.1183319091797 668.6609497070312 211.3247833251953 3.666541 1.621536 1.6398538 2.0342958 1.9764547 38.94807 -1.6438103914260864 0.8045876026153564
Car 0.0 0 2.4567313194274902 0.0 221.3671112060547 106.24840545654297 375.0 3.8088105 1.4774357 1.5732743 -4.5940914 1.8446137 3.525622 1.5404952764511108 0.5288918614387512
Car 0.0 0 -1.573474407196045 523.037353515625 183.77667236328125 543.7495727539062 204.2328643798828 3.9656932 1.5271089 1.6029301 -6.2014685 2.4384618 58.118217 -1.6797765493392944 0.4249495267868042
