Pedestrian 0.0 0 -1.7028650045394897 882.8796997070312 139.757568359375 905.2311401367188 191.7168731689453 0.90662825 1.8801886 0.6480119 10.637668 0.40741223 26.100536 -1.3158540725708008 0.6214681267738342
Pedestrian 0.0 0 -2.823826789855957 578.4096069335938 170.56253051757812 593.7012939453125 196.73776245117188 0.94068336 1.7803844 0.49426666 -1.294925 1.10577 48.458767 -2.8505425453186035 0.5686553716659546
Pedestrian 0.0 0 -2.201349973678589 958.3263549804688 136.21922302246094 1002.1109619140625 201.61700439453125 1.1304157 1.8686049 0.5810247 10.990643 0.60494536 20.798613 -1.7152167558670044 0.31768420338630676
Pedestrian 0.0 0 2.983309507369995 518.914794921875 170.75558471679688 531.7811889648438 196.7073211669922 0.78742856 1.7653649 0.6281893 -5.463513 1.1038134 48.49987 2.8711323738098145 0.30064716935157776
Pedestrian 0.0 0 0.4466962218284607 1034.6021728515625 150.51275634765625 1080.54638671875 224.40170288085938 0.77914697 1.7536936 0.5597359 11.003852 1.0435741 17.254871 1.0143933296203613 0.27920156717300415
Pedestrian 0.0 0 -2.73098087310791 451.458984375 179.16836547851562 469.271728515625 205.9850616455078 1.0267395 1.7663676 0.54541606 -9.600624 1.6799802 46.940323 -2.9327268600463867 0.2348960041999817
Cyclist 0.0 0 -3.1298093795776367 625.4039306640625 169.96072387695312 653.3893432617188 197.22909545898438 1.8665327 1.8186984 0.59345376 2.314565 1.1170874 47.505123 -3.081125497817993 0.8212894201278687
Cyclist 0.0 0 -1.1208045482635498 394.3404541015625 181.85914611816406 418.14227294921875 215.69813537597656 1.7462884 1.7472597 0.5077872 -10.535314 1.8224543 37.479534 -1.39482843875885 0.755928635597229
Cyclist 0.0 0 -1.7028650045394897 882.8796997070312 139.757568359375 905.2311401367188 191.7168731689453 0.90662825 1.8801886 0.6480119 10.637668 0.40741223 26.100536 -1.3158540725708008 0.17253203690052032
Cyclist 0.0 0 -2.201349973678589 958.3263549804688 136.21922302246094 1002.1109619140625 201.61700439453125 1.1304157 1.8686049 0.5810247 10.990643 0.60494536 20.798613 -1.7152167558670044 0.13152122497558594
Cyclist 0.0 0 0.4466962218284607 1034.6021728515625 150.51275634765625 1080.54638671875 224.40170288085938 0.77914697 1.7536936 0.5597359 11.003852 1.0435741 17.254871 1.0143933296203613 0.11228074133396149
Cyclist 0.0 0 2.9623889923095703 518.5596313476562 170.0660400390625 531.6539306640625 196.2678985595703 0.79462296 1.7824705 0.6190687 -5.4805393 1.0739754 48.50515 2.84987735748291 0.10122397541999817
Car 0.0 0 2.6664369106292725 894.330078125 149.71897888183594 1013.78857421875 187.14422607421875 4.0339875 1.4577309 1.546367 13.910808 0.26029828 28.34615 3.1226553916931152 0.868655800819397
Car 0.0 0 -1.4733006954193115 526.3828125 178.76907348632812 560.774658203125 204.7693328857422 4.14306 1.4912379 1.6718582 -3.6585338 1.3933421 42.62891 -1.5589137077331543 0.8627674579620361
Car 0.0 0 -0.3147117793560028 801.280517578125 161.98495483398438 854.969482421875 181.08364868164062 3.9097126 1.5556346 1.6532847 18.425385 0.048762936 58.430557 -0.009243330918252468 0.35959723591804504
Car 0.0 0 -1.7888877391815186 568.8771362304688 176.4407958984375 603.1873779296875 200.27590942382812 4.0377264 1.6744545 1.6733217 -1.4262029 1.3905859 51.828037 -1.8163987398147583 0.35186123847961426
Car 0.0 0 -0.24855419993400574 863.266357421875 154.3773956298828 921.4790649414062 173.176513671875 4.1830325 1.5027244 1.63501 23.734371 -0.61575156 58.46369 0.1370861530303955 0.2959413528442383
