Car 0.0 0 -2.3243820667266846 726.626220703125 176.43405151367188 820.5712890625 218.37884521484375 3.4338326 1.4958764 1.6357826 6.2253447 1.6443102 27.94688 -2.1052041053771973 0.9608632326126099
Car 0.0 0 -1.7788923978805542 623.7107543945312 174.04452514648438 665.4822387695312 203.91302490234375 3.3339145 1.5851566 1.665013 1.8491851 1.6548036 40.211464 -1.732938289642334 0.946082592010498
Car 0.0 0 -2.749999761581421 262.2038879394531 174.0644073486328 420.0377197265625 233.24880981445312 3.5767405 1.4966992 1.6313648 -7.1071486 1.5306805 19.16025 -3.105199098587036 0.9063065052032471
Car 0.0 0 -2.3218729496002197 0.0 168.6802520751953 175.3480224609375 349.3753662109375 3.7493596 1.5138733 1.6437088 -6.6067324 1.4792634 6.9781365 -3.0799384117126465 0.8805224299430847
Car 0.0 0 0.5382451415061951 0.0 183.3724822998047 348.67376708984375 312.7772521972656 4.023754 1.5397818 1.6394948 -5.823664 1.6917135 9.556902 -0.009033658541738987 0.8749091625213623
Car 0.0 0 3.6026949882507324 37.6459846496582 185.45071411132812 340.9297790527344 280.5653991699219 4.114599 1.4330093 1.4970899 -6.8487997 1.6574731 11.9659815 3.082850217819214 0.7636132836341858
Car 0.0 0 -2.369518518447876 922.400146484375 182.08499145507812 1242.0 375.0 3.7794485 1.551966 1.6226 2.8340058 1.6131971 2.8524795 -1.5873689651489258 0.7589924335479736
Car 0.0 0 0.33838045597076416 301.86822509765625 180.42724609375 446.0673522949219 234.9730682373047 3.7344632 1.5307692 1.5889199 -6.946024 1.7636932 21.316998 0.023385047912597656 0.6972523927688599
Car 0.0 0 -2.8801066875457764 418.3544616699219 173.37110900878906 508.27032470703125 206.24600219726562 4.1005583 1.5953559 1.693491 -7.314933 1.6222205 36.012955 -3.0804998874664307 0.540251612663269
Car 0.0 0 1.6079750061035156 611.6513671875 172.00453186035156 637.5940551757812 194.993408203125 4.211245 1.519272 1.637874 1.0174633 1.463491 49.831017 1.6283904314041138 0.5202338099479675
