Pedestrian 0.0 0 2.577444314956665 997.0604248046875 121.44793701171875 1066.3695068359375 251.46322631835938 0.6997661 1.7480603 0.41984034 5.8115063 0.95577455 9.72002 3.1163110733032227 0.5348343253135681
Pedestrian 0.0 0 -3.3737058639526367 786.615234375 162.5974884033203 806.7411499023438 195.45973205566406 0.95619154 1.7463279 0.4688629 10.238776 0.79638225 37.817978 -3.1093058586120605 0.42159485816955566
Pedestrian 0.0 0 1.7351624965667725 278.35980224609375 181.0111083984375 318.3558349609375 266.4402160644531 0.749566 1.6934628 0.63873106 -6.301462 1.7058575 14.457502 1.32412850856781 0.32566651701927185
Pedestrian 0.0 0 0.14595581591129303 723.5750122070312 163.14779663085938 737.5538940429688 187.06869506835938 1.0375535 1.8772839 0.4173859 9.93089 0.51674587 55.845524 0.321943998336792 0.28403446078300476
Pedestrian 0.0 0 3.6065351963043213 126.61161041259766 108.24935150146484 204.7406005859375 242.27340698242188 0.73379564 1.8038146 0.6017759 -6.149434 0.8330726 9.844907 3.048201322555542 0.24531255662441254
Pedestrian 0.0 0 -1.1315102577209473 0.0 135.45675659179688 34.339561462402344 201.732421875 0.7743058 1.9222676 0.60629535 -17.50777 0.61739594 20.953808 -1.8275501728057861 0.22808456420898438
Pedestrian 0.0 0 -3.218878984451294 770.29345703125 157.0572509765625 801.5507202148438 189.17745971679688 1.6966023 1.8224988 0.5642062 10.3567915 0.49374384 40.53674 -2.968738555908203 0.20714989304542542
Cyclist 0.0 0 1.0220378637313843 876.018798828125 154.73300170898438 905.8079223632812 191.41343688964844 1.6607329 1.6964388 0.5178666 13.538465 0.50619227 33.557095 1.4055111408233643 0.4335373640060425
Cyclist 0.0 0 -3.2068941593170166 768.9354248046875 156.81048583984375 800.3298950195312 188.6107177734375 1.7110562 1.804654 0.56265527 10.286592 0.46166587 40.55228 -2.9584715366363525 0.35021108388900757
Cyclist 0.0 0 -1.1962425708770752 191.46051025390625 174.76539611816406 247.94717407226562 244.5384979248047 1.980672 1.7217046 0.61581135 -10.059479 1.5817957 18.462877 -1.6951223611831665 0.21882730722427368
Car 0.0 0 -0.815843939781189 0.0 207.13955688476562 301.44415283203125 370.0 3.7894504 1.4774598 1.55217 -3.1656175 1.682365 3.4805222 -1.5538959503173828 0.8917666673660278
Car 0.0 0 2.126697540283203 0.0 188.68209838867188 120.16793060302734 279.28924560546875 4.285076 1.6055441 1.6951109 -12.526036 1.8085686 15.164325 1.4362908601760864 0.7464379668235779
Car 0.0 0 0.6978552341461182 495.599609375 171.0269775390625 592.08154296875 208.41342163085938 3.8367965 1.4510149 1.5962805 -2.5781481 1.0848582 29.18941 0.6097590923309326 0.5689594745635986
Car 0.0 0 3.6718909740448 94.82862091064453 191.89588928222656 260.7920227050781 250.04164123535156 3.3897784 1.4249496 1.5430483 -11.077204 1.7362665 18.422155 3.1305177211761475 0.27616754174232483
