Pedestrian 0.0 0 0.28507572412490845 458.5572814941406 169.8731689453125 474.09130859375 195.7303924560547 0.98178715 1.8346896 0.5209929 -9.891889 1.0819595 50.467697 0.09152507781982422 0.5394508838653564
Pedestrian 0.0 0 3.252100944519043 463.68255615234375 171.35357666015625 477.17291259765625 196.735595703125 0.9167122 1.842824 0.51915246 -9.816999 1.1800427 51.62352 3.0641794204711914 0.40823274850845337
Pedestrian 0.0 0 2.95906662940979 591.550537109375 163.57635498046875 605.67626953125 188.76101684570312 0.96173954 1.8390036 0.5073723 -0.46394506 0.6045041 51.964867 2.950138807296753 0.35449543595314026
Pedestrian 0.0 0 3.076812267303467 610.4868774414062 163.84080505371094 633.6954345703125 189.01708984375 1.64202 1.8047552 0.5204493 1.2343124 0.61183333 50.972958 3.101022481918335 0.11042718589305878
Cyclist 0.0 0 3.041175127029419 559.9686889648438 165.93898010253906 584.1981811523438 189.56625366210938 1.7725794 1.7650499 0.5820881 -2.4724457 0.6785523 53.231953 2.9947619438171387 0.5184419751167297
Cyclist 0.0 0 -1.192793846130371 404.4722900390625 174.18197631835938 424.38702392578125 205.02359008789062 1.7746792 1.6937001 0.46024808 -10.706863 1.3481364 39.73125 -1.4560229778289795 0.3603833317756653
Cyclist 0.0 0 3.076812267303467 610.4868774414062 163.84080505371094 633.6954345703125 189.01708984375 1.64202 1.8047552 0.5204493 1.2343124 0.61183333 50.972958 3.101022481918335 0.35951268672943115
Cyclist 0.0 0 3.252100944519043 463.68255615234375 171.35357666015625 477.17291259765625 196.735595703125 0.9167122 1.842824 0.51915246 -9.816999 1.1800427 51.62352 3.0641794204711914 0.13067948818206787
Cyclist 0.0 0 0.3246039152145386 457.09991455078125 170.33013916015625 473.0876770019531 196.1486358642578 1.0054597 1.8309065 0.5233647 -9.978263 1.111008 50.45945 0.12937450408935547 0.10414496809244156
Car 0.0 0 -1.4787499904632568 531.4485473632812 170.46315002441406 562.4716186523438 194.76976013183594 3.9754608 1.5137236 1.6560854 -3.7356722 0.8900151 46.024143 -1.5597400665283203 0.8958006501197815
Car 0.0 0 2.644090175628662 857.6080322265625 142.80963134765625 969.201171875 177.60693359375 4.3291464 1.5037695 1.6472425 13.773044 -0.13252987 31.729261 3.053626537322998 0.8273212313652039
Car 0.0 0 0.9675838351249695 0.0 194.47178649902344 35.10174560546875 220.48361206054688 3.7707398 1.5934743 1.6000975 -39.274826 2.5271003 45.91702 0.259995698928833 0.3143250346183777
Car 0.0 0 2.7974565029144287 786.9618530273438 157.81619262695312 856.9625854492188 182.9448699951172 3.768197 1.5015813 1.579232 13.194954 0.1474605 43.122852 3.094395160675049 0.31289583444595337
Car 0.0 0 -1.6803772449493408 509.4140319824219 168.88951110839844 533.1666870117188 187.02113342285156 3.846719 1.4593031 1.5502276 -6.992224 0.5260753 58.949734 -1.7984390258789062 0.28064072132110596
Car 0.0 0 2.2411651611328125 11.851766586303711 182.98562622070312 131.24172973632812 225.0570831298828 3.9887786 1.5405838 1.6758902 -21.092262 1.6480939 28.13999 1.5979536771774292 0.2764345705509186
