Pedestrian 0.0 0 -2.52274489402771 535.90234375 165.40692138671875 592.3765869140625 259.5351867675781 0.8339314 1.7216367 0.676776 -0.74599177 1.4285554 13.64488 -2.577362537384033 0.8164279460906982
Pedestrian 0.0 0 -1.832016944885254 860.5265502929688 157.64028930664062 965.4737548828125 348.0818176269531 0.7749404 1.6287234 0.69782627 2.770122 1.4260519 6.5725217 -1.4331399202346802 0.8079037666320801
Pedestrian 0.0 0 -1.8221337795257568 764.7691650390625 153.6573944091797 852.4696655273438 347.0469665527344 0.8132963 1.6523958 0.5762585 1.8137189 1.4158831 6.5471416 -1.5518863201141357 0.8047823905944824
Pedestrian 0.0 0 2.024840831756592 485.5094299316406 169.48016357421875 515.6697387695312 227.13941955566406 0.8332974 1.7962567 0.6530698 -3.2316716 1.4229127 22.872719 1.8844804763793945 0.7870428562164307
Pedestrian 0.0 0 -2.566127300262451 187.01513671875 153.7573699951172 304.9385070800781 323.4533996582031 0.89964867 1.6838349 0.64164793 -3.7367663 1.4099228 7.4946513 -3.0286471843719482 0.7472562789916992
Pedestrian 0.0 0 1.9046671390533447 428.5954895019531 172.74488830566406 454.443115234375 226.01608276367188 0.6914829 1.8815581 0.7188588 -5.7506866 1.573383 25.753675 1.6849753856658936 0.6886494755744934
Pedestrian 0.0 0 -1.979353427886963 715.8864135742188 160.9771728515625 753.3229370117188 240.94613647460938 0.86189616 1.7860677 0.5468685 3.0185215 1.3289179 16.522621 -1.7986558675765991 0.6800222992897034
Pedestrian 0.0 0 0.2200663685798645 990.5698852539062 155.99534606933594 1053.425537109375 273.2052917480469 0.7187018 1.6742523 0.48655382 6.207759 1.3112534 10.680851 0.7465510368347168 0.6376460790634155
Pedestrian 0.0 0 1.9650523662567139 417.0823669433594 171.04257202148438 444.0838317871094 223.3858642578125 0.8490986 1.9023756 0.7010087 -6.336697 1.523355 26.579735 1.7310177087783813 0.5798947215080261
Pedestrian 0.0 0 2.1496708393096924 1122.66455078125 146.20184326171875 1204.5556640625 268.4642028808594 0.757051 1.7222954 0.63654065 8.19656 1.226372 10.540488 2.810619592666626 0.517865777015686
Pedestrian 0.0 0 -1.4180601835250854 139.19049072265625 171.96389770507812 214.40899658203125 319.5807189941406 0.6552357 1.6611968 0.6780256 -5.0580077 1.555235 8.511781 -1.954230785369873 0.5136677026748657
Pedestrian 0.0 0 0.5892835855484009 257.5306396484375 172.70138549804688 270.3724365234375 196.22647094726562 0.68736255 1.8153751 0.5968308 -26.181967 1.1369537 55.776104 0.1504044532775879 0.32252073287963867
Pedestrian 0.0 0 2.4712843894958496 921.1281127929688 154.56906127929688 1015.5842895507812 248.7301788330078 1.5161926 1.6523751 0.5442913 6.6039805 1.1810559 13.020974 2.940659523010254 0.3146742582321167
Pedestrian 0.0 0 -3.0697524547576904 612.21533203125 171.845947265625 629.5827026367188 204.13587951660156 0.95113736 1.8207582 0.53578496 1.1083512 1.2771889 40.81631 -3.042604446411133 0.3062974214553833
Pedestrian 0.0 0 -1.6865148544311523 1097.167236328125 167.72634887695312 1146.703125 274.2566833496094 0.66380596 1.6858517 0.58330965 8.492418 1.4691787 11.79698 -1.062570333480835 0.30363157391548157
Pedestrian 0.0 0 2.3573451042175293 862.0802612304688 157.9130096435547 889.358154296875 205.32565307617188 0.70933264 1.6166728 0.5386791 9.476221 0.81347907 24.881746 2.7212350368499756 0.3014252185821533
Pedestrian 0.0 0 1.9328668117523193 501.8587951660156 169.16702270507812 536.4733276367188 230.7223358154297 1.3413925 1.8483999 0.6359011 -2.5672956 1.4791852 22.295889 1.8182251453399658 0.22844573855400085
Cyclist 0.0 0 2.4001893997192383 919.417724609375 156.54376220703125 1017.6158447265625 252.32664489746094 1.6675456 1.6678097 0.52175635 6.591712 1.2345387 12.980248 2.8700785636901855 0.5970965623855591
Cyclist 0.0 0 1.9300925731658936 501.4911804199219 173.48565673828125 538.6990966796875 234.5146942138672 1.6408186 1.8093517 0.60519165 -2.5187573 1.5728755 22.163557 1.8169339895248413 0.4418484568595886
Cyclist 0.0 0 1.8785033226013184 418.26251220703125 173.14706420898438 442.94891357421875 222.8290252685547 0.85980606 1.8119286 0.6632577 -6.35202 1.5083367 26.648613 1.644507646560669 0.1181868389248848
Car 0.0 0 1.7517956495285034 458.5257873535156 160.6436004638672 526.7314453125 215.82705688476562 4.373162 1.9080003 1.7758744 -4.0156274 1.187946 27.049429 1.604416847229004 0.6612542271614075
Car 0.0 0 1.4649111032485962 559.4013061523438 171.4268035888672 585.5423583984375 191.98089599609375 4.038499 1.5268296 1.5928366 -2.249945 0.7791403 55.471653 1.4243730306625366 0.32906943559646606
