Pedestrian 0.0 0 -0.847911536693573 139.49444580078125 150.3130340576172 175.38311767578125 212.95945739746094 0.65719455 1.8770053 0.6566439 -13.835754 1.2019935 21.992956 -1.409453272819519 0.5586926937103271
Car 0.0 0 -1.7871416807174683 694.4046630859375 180.71693420410156 831.025390625 272.8945007324219 4.170205 1.4140537 1.5809988 2.617087 1.5848112 13.529466 -1.5960655212402344 0.9834393858909607
Car 0.0 0 -2.5407235622406006 40.05015182495117 192.21621704101562 361.08135986328125 306.93157958984375 3.9542186 1.50206 1.602472 -6.017989 1.8172152 10.751455 -3.051011800765991 0.9522244334220886
Car 0.0 0 -1.66974937915802 660.5198974609375 176.1328125 709.1903076171875 214.6989288330078 3.5754755 1.4214485 1.5649313 2.8734086 1.5602906 28.683813 -1.5699071884155273 0.945621907711029
Car 0.0 0 3.8084192276000977 0.0 195.4863739013672 259.5458679199219 336.6683044433594 4.119947 1.3990073 1.6065238 -6.495899 1.6824478 8.214174 3.13930344581604 0.9323980212211609
Car 0.0 0 0.4634344279766083 209.48777770996094 183.11863708496094 410.646484375 262.60736083984375 3.8142686 1.6352024 1.5930308 -6.615364 1.8766285 16.011791 0.07163858413696289 0.890436589717865
Car 0.0 0 -2.6668038368225098 119.35627746582031 191.9514923095703 378.525146484375 280.16424560546875 3.9819965 1.4782207 1.5849555 -6.556383 1.851664 13.269117 -3.1257271766662598 0.8580822944641113
Car 0.0 0 0.39911210536956787 376.1575012207031 178.18031311035156 505.5487976074219 226.65184020996094 4.1059623 1.6040723 1.6204147 -5.9282312 1.7994293 25.269798 0.16868162155151367 0.5802863836288452
Car 0.0 0 3.298715114593506 405.6384582519531 178.25650024414062 505.57672119140625 211.3754425048828 4.150091 1.4182012 1.5877669 -6.8452287 1.6656264 32.09184 3.0885632038116455 0.5288963317871094
Car 0.0 0 3.314436435699463 445.5159606933594 175.5175018310547 519.52978515625 205.10665893554688 3.586796 1.5060266 1.5805566 -6.64994 1.6483388 37.658676 3.1396536827087402 0.4605238735675812
