Pedestrian 0.0 0 0.3975849151611328 601.3576049804688 172.16122436523438 652.9940795898438 269.6520690917969 0.8515129 1.8376492 0.5672419 0.28585163 1.8249488 14.029867 0.4179565906524658 0.12274651974439621
Pedestrian 0.0 0 -1.4660377502441406 154.5658721923828 153.45388793945312 183.92994689941406 217.98782348632812 0.70595086 1.8879383 0.68046904 -13.21547 1.3207467 21.57086 -2.015709638595581 0.1146431490778923
Pedestrian 0.0 0 -2.4720816612243652 434.2603759765625 187.0062255859375 459.17755126953125 222.94363403320312 0.98368865 1.7444649 0.709772 -8.177303 2.4609022 35.97356 -2.6955976486206055 0.10405389964580536
Cyclist 0.0 0 -0.2465771585702896 415.32275390625 197.4650115966797 446.8859558105469 229.0216827392578 1.7592005 1.8560663 0.71810627 -11.016647 3.3927186 44.30692 -0.4902791380882263 0.13898484408855438
Cyclist 0.0 0 -2.5045714378356934 435.6527099609375 182.6885986328125 460.8152160644531 219.75291442871094 0.9906544 1.7951024 0.70639616 -8.050044 2.2898135 35.743507 -2.7260923385620117 0.10222797095775604
Car 0.0 0 1.6990145444869995 166.22625732421875 203.59402465820312 264.8529357910156 285.6142272949219 3.644134 1.5150267 1.5493938 -9.093259 2.3149936 16.78709 1.202580213546753 0.9457067251205444
Car 0.0 0 1.7512061595916748 0.0 200.80787658691406 197.79742431640625 346.7981872558594 3.8599858 1.5103285 1.6512654 -7.1354585 1.9936457 10.364436 1.1482700109481812 0.9334502220153809
Car 0.0 0 1.648077368736267 256.3750915527344 202.1434326171875 297.675537109375 239.02951049804688 3.8314164 1.5207672 1.5328999 -16.171053 3.029121 35.083694 1.2161730527877808 0.44265681505203247
Car 0.0 0 -0.42546558380126953 1127.337158203125 137.90261840820312 1242.0 179.89019775390625 4.335912 1.4988816 1.6301011 22.242163 0.25153777 27.103138 0.26173996925354004 0.29253607988357544
Car 0.0 0 1.5144119262695312 415.118408203125 196.49464416503906 445.3080749511719 225.53390502929688 4.0382996 1.6261895 1.6397713 -11.557044 3.2085664 46.110558 1.2688331604003906 0.1847524791955948
Car 0.0 0 3.039668560028076 133.9714813232422 180.851806640625 197.0846405029297 203.26583862304688 3.7560637 1.5328072 1.6518059 -32.300358 2.1341894 52.421764 2.4874491691589355 0.13886208832263947
