Pedestrian 0.0 0 -2.542386293411255 496.74578857421875 172.67660522460938 540.7855834960938 246.9550323486328 0.65838665 1.6388997 0.801494 -2.1205335 1.6353437 16.423935 -2.670788288116455 0.4939078390598297
Pedestrian 0.0 0 -1.8357079029083252 437.5719909667969 143.4722900390625 500.07196044921875 275.2360534667969 0.9076339 1.6994742 0.6162935 -1.9927223 1.3208699 9.847348 -2.0353729724884033 0.47824403643608093
Pedestrian 0.0 0 -3.805497884750366 1162.3553466796875 104.21298217773438 1242.0 304.10186767578125 0.7060463 1.8286988 0.64620256 5.8530536 1.201089 6.9342837 -3.1044538021087646 0.2120215743780136
Pedestrian 0.0 0 1.2769261598587036 913.702880859375 165.93641662597656 947.4581909179688 219.80642700195312 1.401574 1.7638932 0.6606384 10.761673 1.5377451 24.358742 1.6929394006729126 0.18923667073249817
Cyclist 0.0 0 -0.2737298607826233 347.846923828125 183.45191955566406 380.9717712402344 215.9365234375 1.6829793 1.8072364 0.65886456 -14.113842 2.426348 41.37555 -0.602467954158783 0.2568250596523285
Cyclist 0.0 0 2.5448923110961914 904.1365966796875 165.0171356201172 958.7655639648438 219.03555297851562 1.6241728 1.7978673 0.62102634 10.848338 1.5373949 24.46218 2.962305784225464 0.21772401034832
Car 0.0 0 2.311100721359253 365.1077575683594 181.10272216796875 502.04937744140625 234.2775115966797 4.37096 1.463044 1.7172295 -5.503609 1.751848 22.900135 2.0752429962158203 0.8390777111053467
Car 0.0 0 -0.1487843096256256 615.4688720703125 164.92848205566406 787.6129760742188 233.1513671875 4.3018785 1.7173622 1.7099484 2.278469 1.5182126 19.079344 -0.029926471412181854 0.6012648940086365
Car 0.0 0 2.665468692779541 582.0372314453125 180.55931091308594 692.9320678710938 221.28309631347656 3.9618716 1.441331 1.5992486 1.0211828 1.7541808 27.693344 2.702326774597168 0.533766508102417
Car 0.0 0 -2.7190375328063965 252.80404663085938 181.2283172607422 356.8945007324219 216.18434143066406 3.8852847 1.4710069 1.6045765 -13.356571 1.848123 31.612637 -3.1187949180603027 0.26086342334747314
Car 0.0 0 -1.5645540952682495 493.22015380859375 169.45826721191406 560.6712036132812 233.818115234375 3.0426197 1.4470172 1.5144445 -2.090823 1.3710282 17.815334 -1.6813805103302002 0.2294686883687973
Car 0.0 0 1.0334479808807373 1192.8223876953125 30.250751495361328 1242.0 375.0 4.054222 1.801671 1.6534331 5.990678 1.2195226 5.12961 1.896124005317688 0.21411080658435822
