Car 0.0 0 0.32724234461784363 124.53964233398438 168.50160217285156 323.2572326660156 242.50335693359375 3.7988565 1.6285579 1.644487 -8.988851 1.5331327 16.989458 -0.1594008505344391 0.9483877420425415
Car 0.0 0 -0.3794674575328827 670.6644287109375 166.3631134033203 852.6400146484375 233.763916015625 3.7835894 1.4509033 1.6103207 3.3944082 1.3115351 16.6576 -0.17844440042972565 0.942537784576416
Car 0.0 0 3.6363844871520996 0.0 183.2616424560547 228.62820434570312 295.6492004394531 3.7942965 1.5346458 1.5497255 -8.22634 1.7098614 11.080967 2.997775077819824 0.9320489168167114
Car 0.0 0 3.749523878097534 0.0 200.34498596191406 177.97193908691406 344.3876647949219 3.6755803 1.4627991 1.5824918 -7.590431 1.8320143 8.690166 3.031572103500366 0.9194346070289612
Car 0.0 0 -0.2602744400501251 615.9035034179688 164.10459899902344 725.8829956054688 207.45806884765625 3.8621824 1.5754886 1.6450396 2.2315829 1.2578889 27.371391 -0.17892460525035858 0.8973488211631775
Car 0.0 0 3.5401580333709717 182.51539611816406 178.85943603515625 354.6318664550781 239.1476593017578 3.9190974 1.5510194 1.5932221 -9.224476 1.7219206 19.611126 3.100494623184204 0.8479010462760925
Car 0.0 0 3.308680295944214 288.96063232421875 169.99462890625 405.01629638671875 210.6472625732422 3.9342244 1.4818568 1.6145915 -9.956449 1.377986 27.446562 2.9606857299804688 0.7911254167556763
Car 0.0 0 -1.9101507663726807 424.17486572265625 168.7065887451172 455.80322265625 186.13768005371094 3.7255073 1.5133272 1.6062087 -15.276676 1.1536161 64.64069 -2.1422247886657715 0.5571279525756836
Car 0.0 0 -0.1436002254486084 604.7989501953125 163.129638671875 699.789306640625 201.6739044189453 3.6981213 1.5303859 1.5805146 1.6520135 1.1446419 29.595062 -0.08783750981092453 0.5382433533668518
Car 0.0 0 3.530001640319824 226.70816040039062 173.54486083984375 371.8196105957031 227.283203125 3.8061159 1.5962863 1.5612487 -9.553892 1.618743 22.264036 3.124648332595825 0.395670086145401
