Pedestrian 0.0 0 -3.382985830307007 774.3770141601562 132.81039428710938 879.8270263671875 290.7718200683594 1.1201969 1.8616582 0.5907759 2.6464574 1.3012935 8.653907 -3.0862066745758057 0.6405608057975769
Pedestrian 0.0 0 1.2214776277542114 769.2572021484375 137.02902221679688 824.4498901367188 243.6348876953125 0.8320493 1.7943684 0.683198 3.2904809 1.0643227 12.34059 1.4820541143417358 0.24102142453193665
Pedestrian 0.0 0 -3.127490282058716 833.4616088867188 196.0311279296875 869.9987182617188 287.0209045410156 0.6660989 1.723577 0.6965165 4.8386364 2.0420723 13.979577 -2.7942745685577393 0.22156545519828796
Pedestrian 0.0 0 -0.4871317446231842 824.6738891601562 132.28982543945312 889.8945922851562 236.4205322265625 0.8869092 1.7923335 0.65393996 4.4251204 0.96416986 12.553877 -0.1482400894165039 0.12459389865398407
Pedestrian 0.0 0 -0.392987996339798 629.3915405273438 170.72584533691406 693.0861206054688 268.8883972167969 1.0157669 1.7374755 0.58443177 0.98111075 1.5661163 12.945888 -0.31734707951545715 0.1204405352473259
Pedestrian 0.0 0 -0.2625436782836914 883.9874267578125 151.5566864013672 968.5073852539062 261.60247802734375 1.1915333 1.7781309 0.49280527 5.278886 1.3121153 11.757469 0.15946292877197266 0.1115693673491478
Pedestrian 0.0 0 -2.5483338832855225 1110.802734375 203.731689453125 1224.0 370.0 0.70181805 1.6934527 0.60952425 4.322945 1.8838997 5.3149757 -1.8655043840408325 0.10740479081869125
Pedestrian 0.0 0 -1.8483439683914185 836.8030395507812 177.62184143066406 872.23876953125 245.28038024902344 0.90186465 1.6654842 0.6184823 6.2585616 1.5962329 17.86825 -1.511436104774475 0.1016608476638794
Cyclist 0.0 0 -1.576530933380127 840.6620483398438 127.21135711669922 865.8786010742188 241.2516632080078 1.7071104 1.8795418 0.3941315 4.3428693 1.0029228 12.519689 -1.2426354885101318 0.2532844841480255
Cyclist 0.0 0 -1.7998578548431396 861.9633178710938 152.82119750976562 909.962890625 268.6364440917969 1.5722458 1.8194635 0.3956744 4.6620255 1.3862845 11.9091835 -1.4267311096191406 0.14737021923065186
Cyclist 0.0 0 -1.8741387128829956 786.6385498046875 143.0847625732422 843.225341796875 256.154052734375 0.9620235 1.8701766 0.6734797 3.5534081 1.2529761 12.177139 -1.5902127027511597 0.11765677481889725
Car 0.0 0 1.608446478843689 599.9417724609375 178.77243041992188 646.3171997070312 219.16873168945312 4.3150034 1.4822732 1.6832819 0.7667608 1.4204005 28.146524 1.6356815099716187 0.13973955810070038
Car 0.0 0 2.0068273544311523 476.4581298828125 132.69932556152344 586.1636962890625 193.91172790527344 4.1520443 1.6410787 1.6625248 -2.1106408 0.36114562 21.184801 1.9075250625610352 0.11706045269966125
