Pedestrian 0.0 0 1.6447951793670654 831.9488525390625 142.1510772705078 852.79541015625 197.34902954101562 0.5859305 1.8919188 0.6503793 8.048968 0.8399292 25.12154 1.9548618793487549 0.4988241493701935
Pedestrian 0.0 0 -2.849154472351074 730.4325561523438 169.7954559326172 742.43359375 195.2812042236328 0.60674155 1.7177968 0.77792543 8.578549 1.5120015 49.114258 -2.6762337684631348 0.392470121383667
Pedestrian 0.0 0 -0.588971734046936 860.5240478515625 145.95474243164062 902.2073364257812 239.46693420410156 0.4962047 1.7545466 0.607394 5.1659884 1.2502002 13.888043 -0.23285681009292603 0.2678796350955963
Pedestrian 0.0 0 -0.9848092198371887 821.63037109375 141.18492126464844 844.3626098632812 188.4708709716797 0.6222587 1.9344842 0.67002714 9.221378 0.6392494 29.971941 -0.6863333582878113 0.22841881215572357
Pedestrian 0.0 0 -1.9772403240203857 816.2970581054688 149.15988159179688 839.1253662109375 196.88259887695312 0.6437747 1.8638918 0.66311896 8.564157 0.9388356 28.535906 -1.6856746673583984 0.2200930267572403
Pedestrian 0.0 0 -2.0076215267181396 847.9891967773438 153.7262725830078 865.3780517578125 187.54266357421875 0.72727424 1.8461695 0.6610146 13.563759 0.8022697 39.78605 -1.679060935974121 0.19955648481845856
Cyclist 0.0 0 2.769641160964966 423.6811828613281 136.0989227294922 475.90203857421875 188.98141479492188 1.7460535 1.8361304 0.5336402 -5.754392 0.5603175 25.758158 2.549849510192871 0.2886093854904175
Cyclist 0.0 0 2.3048694133758545 454.75653076171875 137.32794189453125 492.06536865234375 183.96046447753906 1.6160727 1.8413944 0.5504583 -5.5790973 0.4389229 29.322323 2.116848945617676 0.18187764286994934
Car 0.0 0 1.93621826171875 299.20147705078125 190.66738891601562 513.0939331054688 331.29705810546875 4.014272 1.5805981 1.6763057 -2.8013856 1.897266 10.72257 1.6806697845458984 0.9637845158576965
Car 0.0 0 -1.706498146057129 723.4166259765625 183.3540496826172 861.9605712890625 299.88555908203125 3.4039648 1.4910349 1.6011744 2.6434593 1.6818819 11.317745 -1.4770439863204956 0.9095343351364136
Car 0.0 0 1.7319315671920776 634.7671508789062 178.11570739746094 664.2354125976562 201.11532592773438 3.82658 1.6527932 1.6449387 3.0100272 2.0679154 54.82903 1.78677499294281 0.5852228403091431
Car 0.0 0 -0.09442992508411407 728.0648803710938 167.19764709472656 787.356689453125 191.06724548339844 3.8362439 1.6011318 1.6686887 10.047533 1.2220706 49.429596 0.10610747337341309 0.167414128780365
Car 0.0 0 -1.672398567199707 740.1258544921875 156.4608612060547 791.296875 206.66758728027344 4.6347046 1.9894906 1.6664736 6.5608807 1.3402547 30.982027 -1.4637174606323242 0.1605108380317688
