Pedestrian 0.0 0 -2.417316198348999 638.6537475585938 175.73269653320312 674.6771850585938 214.27694702148438 1.7211674 1.7222548 0.54555255 2.0947554 1.8581191 33.159435 -2.3542277812957764 0.1881447434425354
Cyclist 0.0 0 -2.417316198348999 638.6537475585938 175.73269653320312 674.6771850585938 214.27694702148438 1.7211674 1.7222548 0.54555255 2.0947554 1.8581191 33.159435 -2.3542277812957764 0.44976797699928284
Cyclist 0.0 0 -2.01682186126709 622.6303100585938 180.543701171875 646.7907104492188 215.02877807617188 1.6588418 1.6891388 0.56187683 1.2052443 2.0888941 36.600937 -1.983904480934143 0.3634306788444519
Cyclist 0.0 0 2.007598876953125 628.63427734375 171.32752990722656 655.733642578125 208.7481689453125 1.7215736 1.7622161 0.64291453 1.5292863 1.6906896 34.887867 2.051405191421509 0.2743977904319763
Car 0.0 0 -1.4640082120895386 492.8973693847656 183.44065856933594 550.0042114257812 228.51112365722656 3.8691247 1.510929 1.7202393 -3.2858994 1.9367275 27.046808 -1.5849051475524902 0.9530302882194519
Car 0.0 0 1.8635541200637817 314.90155029296875 190.49607849121094 388.9700622558594 232.0543975830078 4.3745856 1.4483261 1.6294564 -10.392425 2.218463 29.255905 1.5222322940826416 0.8636162877082825
Car 0.0 0 1.4372789859771729 572.9932250976562 177.89389038085938 605.7356567382812 202.87791442871094 3.8692062 1.5208358 1.6137543 -1.409624 1.8622334 46.78225 1.4071564674377441 0.6436275839805603
Car 0.0 0 -1.5585356950759888 579.1195068359375 159.2480010986328 635.2783813476562 211.76712036132812 3.8907652 1.516865 1.622527 -0.11416416 1.1242524 22.788023 -1.5635454654693604 0.457662433385849
Car 0.0 0 1.8135449886322021 389.6873779296875 187.2407684326172 429.19921875 213.67234802246094 3.9619422 1.640541 1.6813558 -13.586341 2.6572418 48.96613 1.5428894758224487 0.36567527055740356
Car 0.0 0 2.6365549564361572 843.027099609375 161.51181030273438 966.608642578125 207.37887573242188 3.6079016 1.5036156 1.5494827 9.975339 1.132154 24.636383 3.0212807655334473 0.34142348170280457
