Pedestrian 0.0 0 -1.6631183624267578 512.9221801757812 165.0990753173828 539.3798828125 214.33050537109375 0.8044875 1.5915612 0.79533494 -2.5144136 1.0624449 23.692455 -1.7688497304916382 0.5717991590499878
Pedestrian 0.0 0 -0.3264109492301941 224.4608154296875 159.8450469970703 300.37579345703125 296.7679748535156 0.7448179 1.7508123 0.6831302 -4.6179338 1.475247 9.687119 -0.7712525129318237 0.46683207154273987
Pedestrian 0.0 0 -1.298074722290039 407.1800842285156 184.28433227539062 473.5378112792969 321.4596252441406 1.090375 1.6906544 0.5817606 -2.1371942 1.7307113 9.432313 -1.5208946466445923 0.43717142939567566
Pedestrian 0.0 0 -0.568333089351654 720.2925415039062 172.8275604248047 769.822021484375 244.87429809570312 1.0255398 1.6972669 0.57696563 3.4372246 1.4941648 17.375334 -0.3730325698852539 0.35346153378486633
Pedestrian 0.0 0 -1.3959779739379883 357.3797607421875 187.35037231445312 418.7653503417969 321.778076171875 0.9338266 1.6835579 0.6321047 -2.8581772 1.7666517 9.537646 -1.6871349811553955 0.34148934483528137
Pedestrian 0.0 0 2.2383549213409424 386.2270202636719 178.50282287597656 450.0363464355469 298.3406982421875 0.73977363 1.6847398 0.5751478 -2.7274287 1.643922 10.550481 1.9853808879852295 0.33360743522644043
Pedestrian 0.0 0 0.9209299087524414 231.10643005371094 171.50070190429688 293.87017822265625 298.4093322753906 0.5693504 1.7647716 0.59813756 -4.9391155 1.6270425 10.382811 0.4769096374511719 0.23628994822502136
Pedestrian 0.0 0 0.89034104347229 433.2930603027344 190.51913452148438 482.24053955078125 287.8004150390625 0.5580337 1.6574099 0.6439088 -2.5874782 1.8240228 12.740648 0.6899776458740234 0.21453821659088135
Pedestrian 0.0 0 0.6892195343971252 518.75537109375 161.25196838378906 539.16552734375 201.4393310546875 0.51374537 1.7255906 0.7692116 -3.170286 0.8571335 31.304218 0.5882902145385742 0.19699738919734955
Pedestrian 0.0 0 -0.8411750793457031 705.7594604492188 175.03079223632812 741.9127807617188 235.3339080810547 0.8007882 1.644853 0.62118834 3.3922513 1.469553 20.083546 -0.6738474369049072 0.1585254669189453
Cyclist 0.0 0 -1.8586784601211548 643.2020874023438 167.7343292236328 661.1754760742188 203.7513885498047 1.6753347 1.6200075 0.36391073 2.3221996 1.0017838 33.164494 -1.7887718677520752 0.365697979927063
Cyclist 0.0 0 -1.4250608682632446 431.0203552246094 184.0530548095703 472.5386047363281 278.1391906738281 0.7427974 1.6039251 0.61743426 -2.6669116 1.6515616 12.653998 -1.632777452468872 0.1662900745868683
Cyclist 0.0 0 -0.9920458793640137 672.7933959960938 160.44134521484375 700.74658203125 195.7220916748047 1.696232 1.8102286 0.63382226 4.4837255 0.73058814 37.708332 -0.8736960887908936 0.14774276316165924
Cyclist 0.0 0 -1.3054649829864502 406.4110107421875 184.36460876464844 473.0344543457031 322.7168884277344 1.1208391 1.7025337 0.583796 -2.1447322 1.7437615 9.432771 -1.5290343761444092 0.1295693814754486
Cyclist 0.0 0 -0.442968487739563 720.7911376953125 173.90232849121094 770.1478881835938 245.40383911132812 1.049329 1.6933134 0.520922 3.4487247 1.5145845 17.390062 -0.24719282984733582 0.11453770846128464
Car 0.0 0 -2.0676217079162598 792.0267333984375 111.25391387939453 1238.0 374.0 3.9737172 1.6959684 1.6520785 3.1340117 1.2542038 6.5556016 -1.6216745376586914 0.9389347434043884
