Car 0.0 0 -2.745053768157959 239.8942108154297 182.97238159179688 428.1467590332031 251.1516876220703 3.9434917 1.5469607 1.6374855 -6.6516514 1.8053906 17.515726 -3.107985019683838 0.9364703297615051
Car 0.0 0 -1.734115719795227 659.8878784179688 175.61837768554688 737.4912719726562 235.3889617919922 4.2938156 1.6916676 1.7301468 2.6446729 1.7877884 22.806744 -1.618671178817749 0.9190041422843933
Car 0.0 0 -2.305818557739258 882.1984252929688 212.57208251953125 1242.0 375.0 4.0697803 1.4748536 1.6385132 2.911807 1.7808437 3.484309 -1.6096901893615723 0.850139856338501
Car 0.0 0 0.1909465491771698 383.54095458984375 175.0586700439453 507.50360107421875 221.1241455078125 4.665838 1.8058271 1.7405595 -6.644431 1.8986582 29.317179 -0.03192784637212753 0.7413466572761536
Car 0.0 0 0.2634481191635132 296.71661376953125 183.6150360107422 461.3268127441406 244.28021240234375 4.0006394 1.5562284 1.6284493 -6.261058 1.864285 19.727558 -0.04387294873595238 0.7027526497840881
Car 0.0 0 0.21169736981391907 390.1476745605469 182.25709533691406 494.8631591796875 225.25697326660156 3.5671158 1.5431708 1.6526772 -6.2773643 1.9081222 27.119661 -0.015765883028507233 0.6233406662940979
Car 0.0 0 -2.8116455078125 329.09918212890625 186.617431640625 474.9312744140625 236.9738311767578 4.0543213 1.4601263 1.4862461 -6.388302 1.9005461 22.223576 -3.091554880142212 0.6080185770988464
Car 0.0 0 -1.6731499433517456 646.0935668945312 181.87339782714844 687.334228515625 218.0398712158203 3.580534 1.5492302 1.5468334 2.5527778 1.9924853 33.618145 -1.5973608493804932 0.5427770614624023
Car 0.0 0 -2.8128318786621094 441.00250244140625 179.19383239746094 521.9464721679688 210.89991760253906 3.7130208 1.5397172 1.6228958 -6.5200224 1.8708018 36.55368 -2.9893438816070557 0.5189387798309326
Car 0.0 0 1.5116405487060547 635.05029296875 178.5581512451172 663.9385375976562 205.08795166015625 3.8589616 1.5815904 1.5967493 2.4354696 1.9591632 45.778206 1.5647919178009033 0.43066126108169556
Car 0.0 0 -2.8981986045837402 401.4132080078125 175.35302734375 501.0422058105469 210.70733642578125 4.0111513 1.5023922 1.5297781 -6.9442368 1.61502 31.59381 -3.114555597305298 0.4126509428024292
Car 0.0 0 2.522190570831299 0.0 162.32028198242188 179.4457550048828 375.0 4.0966716 1.4711632 1.6162674 -5.2804337 1.4295017 5.016768 1.7111923694610596 0.41173726320266724
