Pedestrian 0.0 0 -0.22530487179756165 837.8287963867188 106.85101318359375 952.9970703125 290.8895568847656 0.973386 1.7750973 0.57516676 2.9044316 1.0564611 7.284773 0.15407943725585938 0.2429724633693695
Pedestrian 0.0 0 -0.252847284078598 943.3687744140625 132.88975524902344 1060.891357421875 331.4723815917969 0.8349101 1.7251542 0.5213196 3.5996926 1.3042443 6.592594 0.24693560600280762 0.19729365408420563
Car 0.0 0 -0.38153254985809326 291.8962097167969 180.562255859375 433.3057861328125 230.96649169921875 3.9453397 1.4676353 1.611673 -7.543928 1.4414651 22.80156 -0.7010477185249329 0.9021143317222595
Car 0.0 0 -1.4239068031311035 550.2181396484375 169.91192626953125 590.4494018554688 199.06398010253906 3.9029844 1.5048022 1.635372 -1.6440284 0.90749604 39.103558 -1.4659249782562256 0.8651617169380188
Car 0.0 0 0.44083988666534424 0.0 181.91127014160156 118.35118103027344 246.30421447753906 4.237387 1.5385578 1.6564931 -15.213664 1.5510606 18.499025 -0.2474132925271988 0.44385865330696106
Car 0.0 0 -0.26860320568084717 0.0 164.28091430664062 129.14137268066406 201.62306213378906 4.6077576 1.5415802 1.6473373 -23.96584 0.83171767 31.977882 -0.9117525219917297 0.415373295545578
Car 0.0 0 0.06203436851501465 0.0 168.3088836669922 95.09092712402344 207.16836547851562 3.802382 1.5018662 1.5846834 -23.140347 0.9930656 29.49117 -0.6032785773277283 0.3279458284378052
Car 0.0 0 2.921872615814209 84.5971450805664 177.32286071777344 175.49534606933594 203.9099578857422 4.1874804 1.477676 1.6495863 -27.501606 1.2463276 41.99767 2.342104911804199 0.2634334862232208
Car 0.0 0 -1.4362192153930664 580.96630859375 167.57044982910156 603.443359375 184.91986083984375 3.5608797 1.5294424 1.5778607 -0.77635133 0.30189273 65.186005 -1.4481284618377686 0.23763132095336914
Car 0.0 0 0.20077016949653625 0.0 180.5965576171875 89.25013732910156 214.76072692871094 4.3037505 1.5022688 1.6841277 -26.528913 1.4634956 33.31206 -0.4717569053173065 0.19761773943901062
Car 0.0 0 2.7528064250946045 286.23193359375 183.8468475341797 369.5898742675781 210.8170623779297 4.1940556 1.4810152 1.7472471 -15.89753 1.6253283 41.87193 2.3899474143981934 0.19544318318367004
