Pedestrian 0.0 0 0.5236459970474243 414.3659362792969 142.02084350585938 506.8187561035156 289.5622253417969 0.969728 1.7848872 0.62865007 -1.8780628 1.3210646 8.998702 0.31789565086364746 0.7528229355812073
Pedestrian 0.0 0 0.4944465756416321 733.2905883789062 138.4939727783203 819.0731201171875 263.97906494140625 1.0319991 1.8248668 0.80213124 2.5960898 1.2156584 10.919997 0.7278509140014648 0.6050776839256287
Pedestrian 0.0 0 -1.2138779163360596 299.3928527832031 174.04747009277344 341.95233154296875 251.787353515625 0.9296096 1.6716245 0.5900055 -6.3297486 1.5344954 15.671142 -1.5977513790130615 0.5901740789413452
Pedestrian 0.0 0 0.43839019536972046 0.0 171.61239624023438 44.15993118286133 277.7330627441406 0.72233456 1.7594621 0.55803984 -10.195477 1.613758 12.080975 -0.2625683546066284 0.49552828073501587
Pedestrian 0.0 0 -3.174912452697754 772.7772827148438 153.357177734375 786.6614379882812 185.77342224121094 0.7732517 1.8944116 0.63745224 10.297367 0.30955395 41.707047 -2.9328558444976807 0.3851053714752197
Pedestrian 0.0 0 -2.6305019855499268 181.47850036621094 111.31377410888672 240.8728790283203 227.35635375976562 0.619436 1.7636653 0.55131763 -6.173675 0.7138028 11.016815 -3.141284465789795 0.30031007528305054
Pedestrian 0.0 0 -0.25279948115348816 959.530517578125 122.23185729980469 1008.8524169921875 233.0679931640625 0.59591126 1.6766815 0.37891355 5.8172736 0.7968864 10.944765 0.23573875427246094 0.2652702033519745
Cyclist 0.0 0 0.06458641588687897 424.8383483886719 163.25209045410156 538.2392578125 268.1040344238281 1.7612191 1.635249 0.5707753 -2.0119662 1.3679115 11.402402 -0.11006687581539154 0.8823927640914917
Cyclist 0.0 0 -1.474137544631958 981.044921875 142.98165893554688 1007.2006225585938 206.9588623046875 1.8280413 1.6813192 0.45946816 10.689278 0.6969245 19.460691 -0.9718508720397949 0.7428942322731018
Cyclist 0.0 0 1.1258044242858887 805.76416015625 153.22947692871094 828.2575073242188 184.4706268310547 1.8272301 1.8002698 0.53296995 12.480073 0.23018688 41.6824 1.4167187213897705 0.6803606748580933
Cyclist 0.0 0 2.3294992446899414 1169.9072265625 134.43455505371094 1224.0 188.89830017089844 1.785002 1.8260918 0.64943516 20.35043 0.28312132 24.123243 3.0302674770355225 0.6191774010658264
Car 0.0 0 -0.9227944016456604 0.0 191.00497436523438 344.70684814453125 370.0 3.8692305 1.4047215 1.5577625 -3.2275696 1.5019066 4.4699926 -1.5481679439544678 0.9222740530967712
Car 0.0 0 1.8923721313476562 446.6529235839844 167.11810302734375 487.2168273925781 192.22438049316406 3.657361 1.5388596 1.4683965 -8.787555 0.7199879 45.24105 1.700522541999817 0.41800057888031006
Car 0.0 0 -0.7384512424468994 1198.0213623046875 151.1599884033203 1224.0 205.0807647705078 4.0604377 1.472982 1.607679 19.629673 0.6730651 20.180466 0.033112287521362305 0.3671308159828186
