Car 0.0 0 -1.9829392433166504 782.9060668945312 195.9908447265625 1104.0350341796875 375.0 3.4410892 1.4544384 1.5638161 2.9257574 1.7437166 7.2647305 -1.600077748298645 0.9604648947715759
Car 0.0 0 3.5698513984680176 51.90715026855469 182.60389709472656 353.4390869140625 283.6852111816406 4.0171175 1.5074881 1.6628197 -6.583189 1.6823374 11.928894 3.0655744075775146 0.9525227546691895
Car 0.0 0 3.452183723449707 293.1023254394531 168.7351531982422 456.47314453125 232.97500610351562 4.23158 1.8061874 1.7146037 -6.8437285 1.6907387 21.146616 3.1391892433166504 0.9244896173477173
Car 0.0 0 -0.260224312543869 796.068359375 184.7216033935547 988.5559692382812 256.193359375 3.969546 1.5663936 1.660779 6.5375795 1.8663788 17.1836 0.10331988334655762 0.8965149521827698
Car 0.0 0 3.350308418273926 400.3560485839844 182.70291137695312 503.8970642089844 221.51181030273438 4.029039 1.5792997 1.7488056 -6.6944532 2.0107946 30.696144 3.135582685470581 0.8960923552513123
Car 0.0 0 -0.35161200165748596 824.903076171875 196.09698486328125 1054.84033203125 278.2028503417969 3.9427028 1.5053284 1.6032686 6.5146394 2.0086923 14.682298 0.06599640846252441 0.8679731488227844
Car 0.0 0 2.8635857105255127 721.5198364257812 179.8949737548828 865.7508544921875 233.5830841064453 4.5426807 1.7745461 1.7559525 6.2513175 2.0286765 25.04966 3.108147382736206 0.8367529511451721
Car 0.0 0 0.6117525100708008 0.0 177.8549346923828 242.01303100585938 375.0 3.9502153 1.6442251 1.6234502 -6.0282817 1.7001333 7.010109 -0.09848467260599136 0.827177882194519
Car 0.0 0 3.169685125350952 431.3695983886719 176.30967712402344 523.2965698242188 216.55596923828125 4.3650656 1.9115889 1.8453972 -6.560415 2.0890374 35.72779 2.988085985183716 0.8078970909118652
Car 0.0 0 3.995079278945923 0.0 218.0739288330078 94.31546020507812 375.0 4.048936 1.5105447 1.6138235 -6.012135 1.8601583 4.643966 3.081986665725708 0.684197187423706
