Pedestrian 0.0 0 3.0499305725097656 120.35797882080078 182.7418212890625 163.52476501464844 258.1741027832031 0.85595554 1.8473426 0.74991727 -11.970435 2.1072013 18.374048 2.4725112915039062 0.3489329516887665
Pedestrian 0.0 0 -0.48267900943756104 1148.4173583984375 103.79791259765625 1242.0 294.36419677734375 0.9898904 1.8748479 0.5883774 6.2488656 1.1958116 7.4880214 0.21275615692138672 0.15750986337661743
Pedestrian 0.0 0 -2.9792838096618652 531.9276733398438 155.59323120117188 547.4573364257812 187.9526824951172 0.7920915 1.8335564 0.63212 -4.048543 0.8558821 41.222023 -3.0771830081939697 0.1521117091178894
Pedestrian 0.0 0 -1.7250757217407227 683.6344604492188 180.48062133789062 700.4513549804688 220.14439392089844 0.7945711 1.5951207 0.56820303 3.3175707 1.9125004 29.58097 -1.6133902072906494 0.13608746230602264
Pedestrian 0.0 0 2.126816987991333 887.9669189453125 165.75094604492188 933.5917358398438 243.29342651367188 0.7605057 1.7481862 0.6802237 6.9372997 1.5884068 16.762255 2.5192179679870605 0.12861232459545135
Pedestrian 0.0 0 0.2810232639312744 664.5502319335938 150.9471435546875 698.804443359375 212.18179321289062 0.8769048 1.7964392 0.65021837 2.1055818 1.1541165 21.628979 0.3780674934387207 0.10529246926307678
Cyclist 0.0 0 -2.013335943222046 697.238037109375 138.94183349609375 729.6499633789062 188.63771057128906 1.7841856 1.7456157 0.4421215 3.7036433 0.5547761 26.259418 -1.8732194900512695 0.32407528162002563
Car 0.0 0 -0.9579507112503052 768.2533569335938 185.62969970703125 914.7005615234375 253.15396118164062 3.704834 1.4370655 1.5944058 5.701478 1.7831496 17.769768 -0.647474467754364 0.937312126159668
Car 0.0 0 -1.5203063488006592 511.39361572265625 158.581787109375 542.4871826171875 184.8312530517578 3.9002154 1.4851156 1.6400776 -4.919955 0.6779949 42.818195 -1.634708046913147 0.30749595165252686
Car 0.0 0 2.595503568649292 535.413818359375 160.32376098632812 599.0520629882812 182.3033447265625 4.298863 1.5067996 1.6347592 -3.048395 0.6481527 51.35724 2.5362164974212646 0.10170017927885056
