Pedestrian 0.0 0 -0.12976980209350586 931.3171997070312 128.73817443847656 1046.865478515625 328.31378173828125 0.87800854 1.7375365 0.5033894 3.5034645 1.2795671 6.6401515 0.3557274341583252 0.2398315668106079
Pedestrian 0.0 0 2.515704870223999 213.06192016601562 163.5283203125 239.18637084960938 196.27651977539062 1.1596096 1.8045954 0.6115078 -21.018194 0.81508017 40.23669 2.0343265533447266 0.18821579217910767
Pedestrian 0.0 0 3.4429218769073486 122.9372329711914 166.11334228515625 154.23321533203125 204.3316192626953 1.0808051 1.762748 0.67259055 -21.650747 1.0539936 33.597996 2.8704893589019775 0.17577522993087769
Pedestrian 0.0 0 2.4112918376922607 765.2128295898438 164.85882568359375 778.3845825195312 190.62120056152344 0.8156543 1.8750564 0.49829498 12.514337 0.66446644 52.69326 2.644465923309326 0.15837126970291138
Cyclist 0.0 0 2.5369975566864014 213.02438354492188 163.66860961914062 238.91845703125 196.48280334472656 1.1397318 1.8078752 0.61259717 -21.018732 0.8262842 40.220486 2.055443525314331 0.1120310127735138
Car 0.0 0 0.019352376461029053 112.1589126586914 184.05438232421875 289.1766662597656 239.6984405517578 4.2322164 1.4336259 1.593364 -11.243734 1.5131359 20.35127 -0.48539525270462036 0.924029529094696
Car 0.0 0 -1.3092143535614014 525.583740234375 172.3176727294922 580.1785888671875 204.73158264160156 3.9350734 1.4225338 1.5842915 -2.2150717 1.0205077 33.606655 -1.3750308752059937 0.909955620765686
Car 0.0 0 2.0428829193115234 327.61968994140625 181.19229125976562 394.64886474609375 209.0142059326172 4.290187 1.4020214 1.6280854 -12.770425 1.3873899 38.43953 1.7221336364746094 0.5794333219528198
Car 0.0 0 -0.25604677200317383 0.0 164.79412841796875 130.85760498046875 205.12890625 4.7041326 1.6671053 1.7151946 -24.007992 0.97760844 32.061962 -0.8987792730331421 0.2974541485309601
Car 0.0 0 -1.4304126501083374 632.6671752929688 187.7645263671875 675.9612426757812 220.53236389160156 3.502248 1.4280179 1.5639488 2.5315516 1.7409048 33.89647 -1.3558661937713623 0.2032899707555771
Car 0.0 0 2.2234323024749756 31.194223403930664 184.95101928710938 139.64132690429688 223.55960083007812 3.9755156 1.4858055 1.5914627 -21.429672 1.6406196 30.01279 1.6033600568771362 0.18028290569782257
Car 0.0 0 -1.3305251598358154 578.75537109375 169.4464874267578 605.652587890625 187.53720092773438 3.7125697 1.5933334 1.6074822 -0.772903 0.53213876 65.25456 -1.3423690795898438 0.17488901317119598
Car 0.0 0 1.6349995136260986 553.0123901367188 174.7026824951172 582.6026000976562 201.25558471679688 4.134125 1.6808183 1.6965942 -2.1744168 1.2512597 47.550945 1.5893031358718872 0.1701568067073822
