Pedestrian 0.0 0 -2.717017650604248 415.94677734375 175.8040008544922 444.7752990722656 220.80819702148438 0.946616 1.7056736 0.51667404 -6.9432354 1.820787 27.726711 -2.962388515472412 0.4323979616165161
Pedestrian 0.0 0 -1.3400307893753052 256.2658386230469 148.1300048828125 277.8585205078125 195.3217010498047 0.58473104 1.9778157 0.7130643 -14.580125 0.941985 30.598467 -1.7847011089324951 0.3565141260623932
Pedestrian 0.0 0 1.641641616821289 238.3636474609375 140.54660034179688 265.6766662597656 205.73196411132812 0.8691799 1.8995202 0.6728546 -10.731255 0.95843136 21.5531 1.1796767711639404 0.32222282886505127
Pedestrian 0.0 0 -1.201570987701416 293.65594482421875 164.70407104492188 311.7571105957031 203.46519470214844 0.5495779 1.8115498 0.6295933 -14.518805 1.4310106 34.00465 -1.6051050424575806 0.25890424847602844
Pedestrian 0.0 0 1.4440457820892334 262.7510986328125 138.7996368408203 293.9619140625 204.59735107421875 0.94165325 1.8657597 0.71194535 -9.725875 0.9004723 21.045156 1.0111396312713623 0.2522100806236267
Pedestrian 0.0 0 -0.06486275792121887 910.5595703125 120.60435485839844 977.09619140625 274.7279968261719 0.6943909 1.8008947 0.6999872 4.033794 1.190729 8.878422 0.36159181594848633 0.2399546205997467
Pedestrian 0.0 0 1.69460129737854 368.0666809082031 171.8502655029297 403.728271484375 237.28733825683594 1.1089361 1.9257498 0.9038249 -6.820565 1.8965691 21.857367 1.392127513885498 0.20836901664733887
Cyclist 0.0 0 1.05198335647583 893.7667236328125 118.63076782226562 996.7930297851562 280.7003479003906 1.142678 1.8567138 0.6623475 4.0267353 1.2358754 8.862835 1.4784400463104248 0.22841165959835052
Car 0.0 0 2.1572818756103516 0.0 183.25347900390625 351.6197204589844 375.0 3.9402618 1.577754 1.6502808 -3.4340134 1.6809343 5.1606236 1.5701385736465454 0.9478292465209961
Car 0.0 0 3.257871627807617 312.7652282714844 176.82794189453125 428.3609619140625 221.11509704589844 4.2541156 1.6949458 1.7508835 -9.605707 1.8628173 29.12726 2.9393186569213867 0.898452639579773
Car 0.0 0 -1.5445060729980469 487.22735595703125 181.00082397460938 520.1267700195312 212.3819122314453 3.4341326 1.4254323 1.5136676 -5.2286787 1.8469114 35.49931 -1.690744161605835 0.8736305236816406
Car 0.0 0 1.7063019275665283 500.1383361816406 180.02342224121094 536.315185546875 208.6975555419922 3.8185167 1.5523874 1.5858134 -5.3207345 1.9885004 41.9355 1.5800971984863281 0.451395183801651
Car 0.0 0 1.5414760112762451 436.77874755859375 169.85423278808594 469.72955322265625 200.35568237304688 4.615528 1.7182838 1.7784195 -9.443138 1.5496515 43.099247 1.325782299041748 0.24041132628917694
