Pedestrian 0.0 0 1.7857637405395508 374.99383544921875 176.47364807128906 395.9078674316406 228.62196350097656 0.5123231 1.6316854 0.53769046 -7.1666613 1.7482922 22.8913 1.4823564291000366 0.4897787272930145
Pedestrian 0.0 0 1.4533886909484863 431.9364318847656 190.91961669921875 448.2326354980469 233.93653869628906 0.661609 1.6065226 0.5336476 -6.5654287 2.310169 27.684175 1.2205358743667603 0.2838294208049774
Car 0.0 0 -1.717064619064331 643.7625122070312 171.69146728515625 726.3399658203125 245.0730743408203 3.8071003 1.7420044 1.6025347 1.8289351 1.7147652 19.06749 -1.6214381456375122 0.9449465274810791
Car 0.0 0 -1.4819889068603516 440.1161193847656 180.5397186279297 519.8523559570312 248.83370971679688 4.201799 1.5390358 1.6788021 -3.336582 1.7639111 18.909885 -1.6566376686096191 0.9419776797294617
Car 0.0 0 1.618758201599121 500.30242919921875 180.06723022460938 538.2537841796875 216.0865020751953 3.3573146 1.490907 1.5276145 -4.0547853 1.8314086 32.28936 1.4938355684280396 0.8157507181167603
Car 0.0 0 -1.721440315246582 600.5990600585938 178.11822509765625 627.217041015625 197.32843017578125 4.042916 1.4970354 1.6005675 0.26405418 1.9469755 59.502575 -1.7170026302337646 0.6147606372833252
Car 0.0 0 2.546800374984741 0.0 221.90379333496094 221.5140838623047 375.0 3.855015 1.5637293 1.5726539 -2.9980695 1.8352783 2.0544 1.5767557621002197 0.4591931402683258
Car 0.0 0 -1.7453041076660156 619.9682006835938 183.19789123535156 673.3091430664062 222.2611083984375 3.7464023 1.4205844 1.5159388 1.3770932 1.8679838 29.22626 -1.6982206106185913 0.41872188448905945
Car 0.0 0 -1.4556349515914917 525.2615966796875 180.6220703125 552.9087524414062 204.7944793701172 4.047386 1.6941944 1.6032556 -5.2876267 2.2969651 53.91512 -1.5533955097198486 0.2933754622936249
Car 0.0 0 1.6281229257583618 482.54595947265625 184.31607055664062 528.8322143554688 224.44235229492188 3.7065773 1.4069476 1.5874627 -4.0734763 1.8873957 28.304571 1.4851884841918945 0.24934327602386475
