Cyclist 0.0 0 0.9799472093582153 661.9808349609375 179.5391387939453 692.8184204101562 219.41929626464844 1.5709981 1.6033683 0.47029912 2.8286843 1.3762753 29.700344 1.0749015808105469 0.34192460775375366
Car 0.0 0 -1.2066676616668701 86.84266662597656 192.65585327148438 286.4703369140625 296.98309326171875 3.941485 1.4453727 1.6138356 -6.9823723 1.5954847 12.320581 -1.7222602367401123 0.97525554895401
Car 0.0 0 -1.5386656522750854 442.5794677734375 178.49111938476562 498.04345703125 231.0519256591797 3.4727774 1.6281271 1.6986107 -4.589761 1.4209576 24.110794 -1.7267762422561646 0.9667912721633911
Car 0.0 0 -1.6772160530090332 540.8948974609375 175.50413513183594 619.4299926757812 239.4157257080078 3.8783674 1.5875629 1.7420352 -0.9059122 1.3474592 19.901241 -1.7227050065994263 0.9637027978897095
Car 0.0 0 -1.3276407718658447 253.72833251953125 186.2418975830078 352.9079895019531 242.80137634277344 4.472705 1.45556 1.6128329 -8.74122 1.489883 20.91368 -1.723539113998413 0.9449471831321716
Car 0.0 0 -1.4463961124420166 346.691162109375 185.33468627929688 398.25054931640625 220.71205139160156 4.369692 1.4917775 1.6934518 -10.632833 1.498693 32.62985 -1.7614076137542725 0.9099422097206116
Car 0.0 0 -1.532104253768921 412.87286376953125 176.56591796875 436.48126220703125 197.14556884765625 3.9373472 1.5492725 1.6399949 -14.297923 0.899233 56.20949 -1.7811901569366455 0.4626368284225464
Car 0.0 0 -0.9111269116401672 0.0 194.7432098388672 64.49266052246094 376.0 4.1275434 1.470007 1.61159 -6.233953 1.5725249 5.466611 -1.7620129585266113 0.461036741733551
Car 0.0 0 -1.015624761581421 0.0 171.9063262939453 80.09097290039062 277.4572448730469 4.527726 1.5468825 1.6760434 -11.689113 1.3529603 12.908887 -1.751475214958191 0.4144018888473511
Car 0.0 0 -1.400174617767334 342.32586669921875 179.1412353515625 372.1935729980469 200.61802673339844 3.4732497 1.5728426 1.5726002 -18.965792 1.1291145 54.483173 -1.7351590394973755 0.41241925954818726
Car 0.0 0 -1.2239139080047607 142.04747009277344 185.6857452392578 254.79249572753906 240.468994140625 4.203019 1.4986181 1.6432841 -12.346309 1.5155207 21.907246 -1.7371172904968262 0.3919089138507843
Car 0.0 0 1.4799671173095703 377.6876220703125 179.1660919189453 412.78338623046875 207.6810760498047 3.7400656 1.5553653 1.5909394 -12.255512 1.2265179 41.23829 1.1910923719406128 0.34651967883110046
