Pedestrian 0.0 0 -1.5147371292114258 465.59381103515625 161.44686889648438 491.27349853515625 231.12957763671875 0.7921943 1.7404554 0.606114 -3.17088 1.240776 18.36737 -1.6856887340545654 0.7268760204315186
Pedestrian 0.0 0 -0.3291704058647156 645.8416137695312 166.9351348876953 684.6463623046875 233.18418884277344 0.9016253 1.7245128 0.5315134 1.6574728 1.3465503 19.062399 -0.2424386888742447 0.6381550431251526
Pedestrian 0.0 0 -1.6705341339111328 546.451171875 166.00619506835938 562.06982421875 203.3009796142578 1.0014082 1.7843647 0.65947753 -2.306769 1.0439711 34.914288 -1.736507773399353 0.5383050441741943
Pedestrian 0.0 0 0.5950737595558167 322.82403564453125 162.9776153564453 383.0834045410156 261.66552734375 0.8320555 1.7256569 0.6047441 -4.516106 1.4030503 12.957254 0.2597012519836426 0.475666344165802
Pedestrian 0.0 0 -1.4341011047363281 293.4708557128906 166.63832092285156 309.6679992675781 200.59727478027344 0.87236017 1.8100141 0.696276 -16.193571 1.018725 38.79541 -1.8295249938964844 0.43372204899787903
Pedestrian 0.0 0 -3.237344741821289 694.5028076171875 170.25790405273438 710.6871337890625 205.67730712890625 0.76653564 1.8096576 0.6516426 5.2070155 1.2361398 37.04109 -3.0976858139038086 0.4097396433353424
Pedestrian 0.0 0 -1.9774765968322754 565.013916015625 168.3941650390625 584.1431274414062 196.848388671875 1.0892427 1.5791905 0.70344603 -1.5198721 0.8526379 40.507416 -2.014979839324951 0.38464897871017456
Pedestrian 0.0 0 -1.240732192993164 334.6191711425781 152.19317626953125 351.2847595214844 187.908447265625 0.6094026 1.9640921 0.710834 -14.324563 0.35323897 39.810936 -1.5861237049102783 0.36758220195770264
Pedestrian 0.0 0 -1.8211346864700317 801.33935546875 192.19883728027344 901.2112426757812 374.0 0.75009817 1.6680079 0.6448805 2.0881038 1.7680802 6.2262945 -1.4975534677505493 0.36632388830184937
Pedestrian 0.0 0 2.298208475112915 273.9491882324219 169.7751007080078 298.9111022949219 217.86166381835938 0.5760592 1.8592061 0.68731606 -12.361762 1.4068956 28.150908 1.8844350576400757 0.3332202434539795
Pedestrian 0.0 0 -1.8020092248916626 811.3812255859375 163.7464141845703 853.540771484375 253.05091857910156 0.72147816 1.6728227 0.6215322 4.3999653 1.3415293 13.836484 -1.494123935699463 0.30885541439056396
Pedestrian 0.0 0 -1.3612948656082153 302.7439880371094 161.34439086914062 320.03192138671875 198.6610107421875 0.54048246 1.8605282 0.7106167 -14.596689 0.856493 36.13985 -1.7451541423797607 0.2924921214580536
Pedestrian 0.0 0 -0.5977709293365479 701.6605224609375 163.39410400390625 721.6510009765625 199.79696655273438 0.7766319 1.7993163 0.61586547 5.507342 0.905267 35.948433 -0.44575172662734985 0.27684617042541504
Cyclist 0.0 0 1.83927321434021 620.2532348632812 163.52578735351562 644.3590698242188 205.0511932373047 1.758931 2.0126278 0.76187366 1.5416399 1.1423626 35.767105 1.8823487758636475 0.6211336255073547
Cyclist 0.0 0 -0.2354007512331009 732.2818603515625 141.76722717285156 831.9588012695312 235.21389770507812 1.7903239 1.7784553 0.5914092 3.454341 1.0235276 13.970528 0.006996631622314453 0.42844340205192566
Car 0.0 0 -0.9094361066818237 291.6715087890625 159.2301788330078 341.5681457519531 186.96807861328125 4.656634 2.4556327 1.7849715 -26.094767 0.48449644 66.07687 -1.2855514287948608 0.625934898853302
Car 0.0 0 2.536237955093384 668.8281860351562 167.3542022705078 790.0011596679688 210.8378143310547 4.3639083 1.5599021 1.7071571 4.8825 1.0534972 27.450832 2.7122607231140137 0.4034760594367981
