Pedestrian 0.0 0 -1.6568067073822021 740.3700561523438 158.7816925048828 762.7693481445312 209.50515747070312 0.7509875 1.8005608 0.72921944 5.055858 1.3013858 26.022034 -1.464906096458435 0.531070351600647
Pedestrian 0.0 0 -2.0368947982788086 684.9578857421875 159.2607879638672 704.3483276367188 204.32546997070312 0.7549122 1.7987368 0.49268338 3.3847954 1.2565275 29.236246 -1.9216340780258179 0.438632607460022
Pedestrian 0.0 0 -0.29438909888267517 904.0986328125 91.9567642211914 1017.7761840820312 277.0238952636719 0.91435355 1.7842083 0.53454155 3.4633994 1.0046464 7.2858295 0.1493537425994873 0.4095582067966461
Car 0.0 0 -1.8651511669158936 729.6319580078125 177.94740295410156 897.7838134765625 286.120849609375 3.6875534 1.4667196 1.5874361 3.0773485 1.5638415 11.83099 -1.6106809377670288 0.977451741695404
Car 0.0 0 1.891336441040039 318.80474853515625 190.34056091308594 431.9721374511719 263.5442810058594 3.7485747 1.5398082 1.5646331 -5.7422156 2.0210478 17.956793 1.5818334817886353 0.9502072334289551
Car 0.0 0 -1.8209478855133057 696.93994140625 177.9348907470703 796.6954956054688 249.49563598632812 3.295814 1.5177325 1.547726 3.1105862 1.6514792 17.240707 -1.6424471139907837 0.9361507296562195
Car 0.0 0 1.8002039194107056 394.8510437011719 188.65342712402344 467.79833984375 239.73007202148438 3.4324956 1.4355087 1.5204258 -5.671661 1.9788222 23.068256 1.5591214895248413 0.9089311361312866
Car 0.0 0 -1.7035597562789917 688.8084716796875 177.24891662597656 757.4576416015625 228.95269775390625 3.7994552 1.4716136 1.6290659 3.4340658 1.6223502 22.77244 -1.5538883209228516 0.8526782989501953
Car 0.0 0 -2.3346567153930664 944.7722778320312 178.2128143310547 1242.0 375.0 3.6227546 1.4958917 1.5540833 3.1594863 1.535038 3.3972936 -1.5855114459991455 0.8092894554138184
Car 0.0 0 0.8063929677009583 0.0 191.0908660888672 86.04692077636719 261.3184814453125 4.1536655 1.5250399 1.6232632 -15.110486 1.984076 17.160845 0.08444452285766602 0.3205799162387848
