Pedestrian 0.0 0 1.347346544265747 709.36962890625 124.35307312011719 749.1185913085938 221.1724090576172 0.82205784 1.7384168 0.55553174 2.1493082 0.8679276 13.3806505 1.5066142082214355 0.1912674754858017
Pedestrian 0.0 0 -2.1144566535949707 1178.314208984375 117.22900390625 1212.1651611328125 179.17161560058594 0.46559665 1.9637232 0.70395505 18.727112 0.20064142 23.150183 -1.4342880249023438 0.16445480287075043
Pedestrian 0.0 0 -0.1901044249534607 519.7256469726562 172.5937957763672 533.88427734375 202.26019287109375 0.7655253 1.8184129 0.62381977 -5.181425 1.8028215 44.636826 -0.30566683411598206 0.16176186501979828
Pedestrian 0.0 0 -0.29915690422058105 734.1456909179688 150.71963500976562 770.4705200195312 223.29803466796875 0.7535867 1.8460457 0.69118786 3.6393216 1.2834119 18.733658 -0.10728038102388382 0.1431710124015808
Pedestrian 0.0 0 0.12205743044614792 676.9012451171875 171.77093505859375 689.4974365234375 198.2199249267578 0.83967 1.8735113 0.49669728 5.191921 1.7971486 51.442204 0.22264409065246582 0.14220575988292694
Pedestrian 0.0 0 -0.8107529282569885 1142.1689453125 95.81050109863281 1242.0 282.544677734375 0.79590863 1.7982533 0.6671117 5.994224 1.056681 7.326251 -0.12502188980579376 0.10968892276287079
Car 0.0 0 1.7458579540252686 524.7086181640625 178.4863739013672 576.016845703125 216.03790283203125 3.9868019 1.5621008 1.647089 -2.6743953 1.8337717 32.69236 1.6642347574234009 0.9257760047912598
Car 0.0 0 1.5294904708862305 693.1331176757812 159.7500762939453 728.46044921875 194.48072814941406 4.3501916 1.7695506 1.7009054 5.358426 1.1022546 39.006187 1.6660096645355225 0.18478231132030487
Car 0.0 0 -1.617487907409668 510.03021240234375 168.0284881591797 532.9774169921875 189.02047729492188 3.884389 1.635165 1.653958 -7.1977897 1.2596397 58.255165 -1.7404210567474365 0.16604334115982056
Car 0.0 0 0.8651231527328491 0.0 196.32737731933594 91.72478485107422 255.49920654296875 4.420143 1.3962833 1.4879488 -16.247803 2.0486493 18.959497 0.15659403800964355 0.14326442778110504
Car 0.0 0 -1.5274032354354858 566.2335205078125 172.72067260742188 586.9805908203125 192.29513549804688 3.769388 1.6697892 1.6621312 -2.9298708 1.6587723 63.4346 -1.573557734489441 0.13230888545513153
