Pedestrian 0.0 0 -2.126796245574951 956.798828125 100.1157455444336 1072.6800537109375 304.1937255859375 0.7927579 1.7555792 0.5943671 3.6265917 1.1302068 6.616282 -1.625388741493225 0.38022539019584656
Pedestrian 0.0 0 1.7642080783843994 417.5508728027344 154.29454040527344 446.7688903808594 218.7035369873047 0.7448055 1.7738885 0.66747224 -5.0332937 1.2631005 20.25778 1.5206772089004517 0.369028240442276
Pedestrian 0.0 0 2.5514283180236816 901.2042846679688 107.23890686035156 1002.1155395507812 275.0381774902344 0.82600784 1.8095714 0.61674815 3.787253 1.1023268 8.14686 2.986581325531006 0.284308522939682
Pedestrian 0.0 0 1.518996238708496 1175.9744873046875 136.5866241455078 1242.0 292.5017395019531 0.47834006 1.6958534 0.6558189 6.829604 1.3017392 8.233003 2.211491584777832 0.2578955292701721
Pedestrian 0.0 0 2.5131866931915283 708.7544555664062 156.59339904785156 727.2527465820312 190.2069549560547 0.9441366 1.9463098 0.52226543 6.2867785 1.0051374 42.2259 2.6609854698181152 0.2219642549753189
Pedestrian 0.0 0 -0.25158941745758057 1074.6181640625 148.46665954589844 1151.1031494140625 295.11236572265625 0.65581 1.7634224 0.60784394 6.249067 1.4705212 9.072041 0.35159850120544434 0.21750298142433167
Car 0.0 0 -1.4463765621185303 499.8493957519531 183.09950256347656 565.9295654296875 233.94598388671875 4.1671357 1.4370526 1.6149676 -2.445055 1.798607 23.335108 -1.5507757663726807 0.9367462992668152
Car 0.0 0 -1.6924948692321777 669.9777221679688 175.6178436279297 723.49658203125 215.10140991210938 4.0847774 1.4096991 1.5662657 3.2591124 1.5255172 28.092447 -1.5769973993301392 0.9295849204063416
Car 0.0 0 -1.3848683834075928 415.8030700683594 187.3770294189453 540.1362915039062 277.51483154296875 4.5848303 1.4409144 1.6140124 -2.5225031 1.7811239 14.5779 -1.5562078952789307 0.9136331081390381
Car 0.0 0 -1.7446849346160889 703.8626708984375 179.65972900390625 809.1862182617188 255.67721557617188 3.6992118 1.4402058 1.6138872 3.0357218 1.6077667 15.8623085 -1.5555918216705322 0.8832218647003174
Car 0.0 0 -1.6097323894500732 650.4464111328125 172.9283447265625 679.0368041992188 200.69296264648438 4.046661 1.6720141 1.6331902 3.3803353 1.6772727 45.51079 -1.535593032836914 0.5752100348472595
