Pedestrian 0.0 0 3.5340187549591064 0.0 137.69483947753906 51.909671783447266 302.6858215332031 0.7236671 1.7442218 0.47197703 -6.7457585 1.3728905 7.960352 2.831024646759033 0.2222726196050644
Pedestrian 0.0 0 -1.2612911462783813 127.62896728515625 145.0309295654297 163.8251953125 216.60023498535156 0.60463756 1.8562081 0.6531978 -12.322617 1.1349523 19.087933 -1.8345465660095215 0.20061728358268738
Pedestrian 0.0 0 -1.9179834127426147 445.0393981933594 154.26377868652344 460.0047607421875 194.59893798828125 0.47840816 1.9929781 0.6026764 -7.89859 1.0747849 36.011883 -2.133897304534912 0.17832019925117493
Pedestrian 0.0 0 -1.0470802783966064 161.67483520507812 153.98989868164062 200.36087036132812 222.878662109375 0.7593898 1.781558 0.5760606 -11.360153 1.2940644 19.040962 -1.5850082635879517 0.15573488175868988
Car 0.0 0 -1.4703879356384277 800.3575439453125 168.97254943847656 922.2271728515625 271.7724304199219 3.6267736 1.4421964 1.5601436 4.2705903 1.3881007 12.09276 -1.1309072971343994 0.9666365385055542
Car 0.0 0 1.8776991367340088 337.81854248046875 178.22608947753906 471.6221008300781 251.99244689941406 4.3318906 1.437772 1.7008985 -4.569098 1.577929 16.577276 1.608752727508545 0.9561648368835449
Car 0.0 0 -1.3804851770401 481.290771484375 163.43553161621094 595.2970581054688 247.0297393798828 4.4332905 1.5864267 1.6777194 -1.4705768 1.4080435 15.978807 -1.4722596406936646 0.9493609070777893
Car 0.0 0 2.1483802795410156 0.0 189.1526336669922 347.5513610839844 375.0 3.7363682 1.5594586 1.527614 -3.371618 1.7185212 5.15356 1.5690364837646484 0.936336100101471
Car 0.0 0 -1.2828278541564941 859.9536743164062 163.8123321533203 991.52685546875 236.4910888671875 4.255836 1.4712772 1.6518879 7.385481 1.2885995 16.76113 -0.867792010307312 0.41109082102775574
Car 0.0 0 -1.3896543979644775 592.3766479492188 173.45681762695312 632.19921875 200.16891479492188 4.15254 1.5047687 1.649337 0.15466565 1.5428307 42.934902 -1.386052131652832 0.16091559827327728
