Pedestrian 0.0 0 0.02376657724380493 104.2893295288086 155.8206024169922 189.7869873046875 337.6340026855469 0.6993322 1.7200366 0.646203 -4.710928 1.5592508 7.2816033 -0.5504707098007202 0.6705794334411621
Car 0.0 0 -1.7481443881988525 665.5875854492188 178.20736694335938 765.8394775390625 250.53089904785156 3.9635262 1.445542 1.5846549 2.2667992 1.5849923 16.730625 -1.6134763956069946 0.9471569061279297
Car 0.0 0 -1.7510063648223877 638.1071166992188 173.34841918945312 696.2107543945312 218.71905517578125 4.0624022 1.708635 1.6350483 2.2032194 1.73053 29.321718 -1.6760077476501465 0.9437410235404968
Car 0.0 0 -1.5145788192749023 510.6161193847656 177.07467651367188 555.2664184570312 218.61865234375 4.475088 1.6042484 1.6326853 -3.2387807 1.7969104 30.597198 -1.6200382709503174 0.936879575252533
Car 0.0 0 -1.2083961963653564 103.91606140136719 188.5391845703125 414.6315002441406 375.0 3.8986108 1.4658176 1.6039728 -3.3912742 1.6777127 7.7409163 -1.6213078498840332 0.8850975632667542
Car 0.0 0 -0.8859580159187317 0.0 197.92088317871094 344.4674377441406 375.0 3.6633952 1.4816624 1.5653993 -2.7394516 1.6617935 3.3384185 -1.5731245279312134 0.8810296058654785
Car 0.0 0 3.545693874359131 213.6488800048828 185.39390563964844 359.9667053222656 240.6231689453125 3.4392083 1.4686896 1.5344803 -9.078687 1.8363886 20.339628 3.125875473022461 0.8179170489311218
Car 0.0 0 -1.694873332977295 509.998779296875 172.37265014648438 552.7102661132812 204.7739715576172 3.5311525 1.5066109 1.6528507 -3.9483354 1.4845866 35.45709 -1.805771827697754 0.728265643119812
Car 0.0 0 -1.4875283241271973 534.8485107421875 177.5872344970703 567.2391967773438 205.8301239013672 4.264743 1.6312 1.6442515 -3.6227334 1.9376223 44.519867 -1.5687228441238403 0.5402313470840454
Car 0.0 0 -2.8257617950439453 0.0 0.0 1242.0 375.0 3.6261933 1.536323 1.5802399 2.6912742 1.4952286 1.2398138 -1.6866647005081177 0.45302218198776245
