Pedestrian 0.0 0 -1.7658343315124512 655.859375 186.07550048828125 698.2835083007812 267.3392333984375 1.6377766 1.742666 0.64369655 1.4996666 1.7642846 16.277391 -1.673961877822876 0.115325927734375
Cyclist 0.0 0 -1.7658343315124512 655.859375 186.07550048828125 698.2835083007812 267.3392333984375 1.6377766 1.742666 0.64369655 1.4996666 1.7642846 16.277391 -1.673961877822876 0.3680214285850525
Car 0.0 0 -1.5721492767333984 559.8040161132812 181.94796752929688 613.4066162109375 226.46409606933594 3.5243227 1.4031509 1.6909388 -0.7662106 1.3012834 24.44345 -1.6034852266311646 0.9686514735221863
Car 0.0 0 -1.1506385803222656 34.60775375366211 185.46585083007812 419.1673889160156 376.0 3.9577858 1.5102811 1.6591281 -3.2023635 1.5145211 6.9415655 -1.5828758478164673 0.942633330821991
Car 0.0 0 -1.4208093881607056 456.14129638671875 182.0239715576172 534.1998901367188 241.47596740722656 4.1030807 1.6126517 1.7097524 -3.3070827 1.5272064 21.548878 -1.5730901956558228 0.8824798464775085
Car 0.0 0 -1.322579264640808 394.45782470703125 181.57533264160156 451.3847351074219 216.85733032226562 3.7936702 1.5051043 1.6141596 -8.33236 1.3509407 32.560795 -1.5731046199798584 0.8343814015388489
Car 0.0 0 1.8353271484375 358.787841796875 180.01864624023438 404.8710021972656 205.60250854492188 3.7596805 1.3875483 1.5734061 -12.819956 1.1068164 40.892876 1.5315306186676025 0.7936336994171143
Car 0.0 0 2.367227792739868 0.0 200.3175048828125 113.64957427978516 376.0 3.937973 1.4381353 1.6069205 -7.669667 1.6468704 7.889732 1.5959722995758057 0.6830392479896545
Car 0.0 0 -0.9748204946517944 0.0 188.19424438476562 162.99317932128906 253.84677124023438 3.277632 1.359415 1.4743041 -12.089479 1.4366078 16.692467 -1.6016353368759155 0.4654690623283386
Car 0.0 0 -1.1626288890838623 259.5614318847656 182.00820922851562 387.2629089355469 243.88560485839844 4.363671 1.5359279 1.7032568 -7.7865696 1.4574425 20.052185 -1.5330218076705933 0.3496689796447754
Car 0.0 0 -1.228134274482727 231.21817016601562 177.1116943359375 310.35443115234375 218.7685089111328 3.6380525 1.4561927 1.5579189 -12.597615 1.1740335 27.009163 -1.6645588874816895 0.29389688372612
