Pedestrian 0.0 0 -1.2196693420410156 0.0 128.99295043945312 27.35294532775879 196.80812072753906 0.6702014 1.9110379 0.65468806 -17.348776 0.6753873 20.756336 -1.9158793687820435 0.4581814706325531
Pedestrian 0.0 0 0.8618975281715393 464.833740234375 178.11546325683594 479.4329833984375 202.3868865966797 0.9671135 1.756731 0.55698764 -10.149125 2.1471176 52.965298 0.6725740432739258 0.3015021085739136
Pedestrian 0.0 0 -1.3487046957015991 454.4202575683594 178.40496826171875 468.236328125 208.40408325195312 0.82582855 1.7924042 0.6543572 -9.03043 2.132061 43.681923 -1.5525643825531006 0.16794255375862122
Pedestrian 0.0 0 1.8432462215423584 165.1953582763672 175.15476989746094 195.3134765625 235.93606567382812 0.7846982 1.7492449 0.5735006 -12.696019 1.8188223 21.250935 1.3047161102294922 0.15840865671634674
Pedestrian 0.0 0 1.3367258310317993 875.8646240234375 183.9847869873047 908.8146362304688 260.3204345703125 0.5355575 1.5905995 0.5450248 5.9784927 1.8335719 15.422199 1.7065448760986328 0.14517909288406372
Pedestrian 0.0 0 0.2548883855342865 763.8624877929688 146.25486755371094 787.9534301757812 195.4959716796875 0.77236336 1.843613 0.58074594 6.2701273 0.8480858 27.447783 0.4794731140136719 0.14076119661331177
Pedestrian 0.0 0 -0.1953800916671753 1058.028564453125 102.3428726196289 1170.4407958984375 273.4510803222656 0.9207436 1.8123955 0.677983 5.5924754 1.0658925 8.133387 0.40697169303894043 0.13828016817569733
Pedestrian 0.0 0 -2.156843662261963 127.92276000976562 162.23289489746094 167.747314453125 224.20602416992188 0.8230075 1.736242 0.60550994 -13.275667 1.4390386 20.654472 -2.7281055450439453 0.13802297413349152
Pedestrian 0.0 0 0.01438257098197937 835.9065551757812 137.6172637939453 875.9986572265625 215.22116088867188 0.9065866 1.8379252 0.5479495 5.914525 1.0037571 17.49532 0.34038400650024414 0.1258137971162796
Cyclist 0.0 0 1.722764492034912 473.54248046875 176.0794677734375 488.6525573730469 206.50131225585938 1.7902033 1.7753247 0.62883735 -7.741845 1.9728386 43.1982 1.5454301834106445 0.521918773651123
Cyclist 0.0 0 -1.7684251070022583 742.2463989257812 156.52394104003906 758.7740478515625 192.68341064453125 1.4595369 1.6729075 0.48726717 6.5957375 0.91776 34.110367 -1.5774178504943848 0.13170652091503143
Car 0.0 0 1.8645145893096924 280.8544006347656 186.10646057128906 454.2439270019531 293.873291015625 3.8002071 1.4259657 1.6486422 -3.8319838 1.6806312 11.929249 1.5536999702453613 0.9495497941970825
Car 0.0 0 -1.1377829313278198 373.0128479003906 175.88018798828125 429.82098388671875 203.73854064941406 3.8176277 1.505334 1.688294 -11.945136 1.6879486 41.438274 -1.4184377193450928 0.222348153591156
Car 0.0 0 -1.641553521156311 677.9725952148438 173.5616912841797 706.6069946289062 199.91909790039062 4.0317774 1.7486693 1.6839575 5.6357584 1.8001047 50.026356 -1.529370665550232 0.14658403396606445
Car 0.0 0 1.9727084636688232 352.1094970703125 183.62908935546875 443.68475341796875 230.28077697753906 4.2374883 1.4798554 1.6451997 -7.5908303 1.9029483 26.103691 1.6897175312042236 0.13677293062210083
Car 0.0 0 1.7817349433898926 455.7869567871094 181.0811004638672 493.58319091796875 208.5498504638672 3.8510327 1.604546 1.5593814 -8.469823 2.1431189 45.255028 1.5967177152633667 0.12263619154691696
