Car 0.0 0 -1.739194393157959 696.4276123046875 185.90415954589844 809.125 267.137451171875 4.071805 1.3782125 1.5767016 2.746844 1.6858928 14.942691 -1.557398796081543 0.9674839377403259
Car 0.0 0 0.36217474937438965 233.25714111328125 164.3516845703125 449.14105224609375 247.5419464111328 4.205742 1.7631953 1.6861576 -5.945513 1.5833489 16.153051 0.009490251541137695 0.9309617877006531
Car 0.0 0 -1.4608540534973145 553.8510131835938 178.9961395263672 588.0743408203125 207.0467529296875 3.3596346 1.4242675 1.4943948 -2.1130273 1.772166 39.105038 -1.5148361921310425 0.9195458889007568
Car 0.0 0 -1.6989831924438477 670.0595703125 178.5200653076172 735.7410278320312 226.51123046875 4.1576996 1.4391067 1.6433582 2.977945 1.6459599 24.209515 -1.5765907764434814 0.9194913506507874
Car 0.0 0 0.6363537311553955 0.0 181.12049865722656 327.6089172363281 327.80206298828125 4.2644806 1.5725229 1.6397597 -5.926353 1.6834217 8.740237 0.04050898551940918 0.914252519607544
Car 0.0 0 3.274176597595215 410.8388671875 174.28883361816406 513.6184692382812 212.88351440429688 4.0484266 1.5684166 1.7384127 -6.196085 1.6312318 30.39967 3.0731098651885986 0.8244149088859558
Car 0.0 0 -1.6932693719863892 646.3997192382812 173.6357421875 680.7755126953125 199.57774353027344 3.7528048 1.4604409 1.5710034 3.0899556 1.5090791 42.64595 -1.6209397315979004 0.7925785183906555
Car 0.0 0 0.033457040786743164 484.490478515625 174.0107421875 549.6647338867188 198.93824768066406 4.0550804 1.5529307 1.6583089 -5.92752 1.6287633 46.05878 -0.09453411400318146 0.6640621423721313
Car 0.0 0 0.353158563375473 381.12652587890625 180.4444580078125 501.9775695800781 226.6488800048828 3.6507604 1.462917 1.4689939 -5.6322203 1.7269737 24.10998 0.12366867065429688 0.6023051142692566
Car 0.0 0 3.3522448539733887 332.7748718261719 186.08358764648438 490.8852233886719 238.21051025390625 4.255974 1.4367977 1.5508872 -5.780633 1.8428048 21.229574 3.0863983631134033 0.5623674392700195
