Pedestrian 0.0 0 -1.6823079586029053 350.93182373046875 165.35211181640625 375.8894348144531 222.2271270751953 1.1165869 1.8461175 0.66795266 -7.971676 1.3230634 23.960846 -2.0034847259521484 0.812008798122406
Pedestrian 0.0 0 1.3451511859893799 631.7354736328125 158.8876190185547 666.027099609375 235.4705047607422 0.76884013 1.8173271 0.6753805 1.1124966 1.2819312 17.477495 1.408718466758728 0.8031718730926514
Pedestrian 0.0 0 0.9277858734130859 75.21142578125 147.46429443359375 175.40647888183594 312.16259765625 0.7858806 1.7287546 0.5632534 -5.299091 1.3728606 7.9336267 0.3389105796813965 0.6230958104133606
Pedestrian 0.0 0 -1.8104653358459473 84.32032775878906 159.64846801757812 203.08062744140625 373.5621337890625 0.8840718 1.657617 0.6556634 -3.9485462 1.4896845 6.105634 -2.384521007537842 0.6027882695198059
Pedestrian 0.0 0 1.3029499053955078 0.0 160.8415069580078 80.10485076904297 352.146240234375 0.8631321 1.7317617 0.5557431 -5.6083183 1.5461323 6.9780498 0.6259517669677734 0.5467804074287415
Pedestrian 0.0 0 -1.678808569908142 576.8369750976562 189.8990936279297 630.4423828125 297.9775390625 0.7730927 1.6162409 0.75495356 -0.021723164 1.7538607 11.231291 -1.6807427406311035 0.44203802943229675
Pedestrian 0.0 0 -2.787299156188965 481.1798095703125 162.63389587402344 509.58111572265625 208.45741271972656 0.8663713 1.6790838 0.6752809 -3.9640899 0.98882675 26.738413 -2.934481620788574 0.43304356932640076
Pedestrian 0.0 0 -1.7480506896972656 719.39599609375 171.5655975341797 759.7919311523438 255.4628448486328 0.7343511 1.6636271 0.685338 2.761943 1.4678819 14.611931 -1.5612350702285767 0.40999555587768555
Pedestrian 0.0 0 -2.927276611328125 437.4622497558594 169.39720153808594 454.8793640136719 199.39247131347656 0.91646856 1.7630788 0.527189 -9.178057 1.0524657 42.484413 -3.140040397644043 0.3463703691959381
Pedestrian 0.0 0 1.99037504196167 0.0 151.89512634277344 27.929231643676758 219.65306091308594 0.70891494 1.8915812 0.6419651 -16.936613 1.0662583 20.4785 1.2993602752685547 0.3427745997905731
Pedestrian 0.0 0 0.33934345841407776 10.88168716430664 162.63638305664062 76.62153625488281 304.0951843261719 0.5078106 1.7477775 0.5699137 -7.193027 1.5160489 9.223499 -0.32299503684043884 0.32251569628715515
Pedestrian 0.0 0 0.3319029211997986 528.2406005859375 175.9390869140625 563.0604248046875 237.99212646484375 0.8118995 1.675667 0.58083075 -1.5627357 1.5266615 19.777952 0.2530527114868164 0.3188841640949249
Pedestrian 0.0 0 1.893818974494934 563.2216186523438 149.77093505859375 606.7371826171875 242.2019805908203 0.5359256 1.8067288 0.74179596 -0.3643436 1.1877788 14.403494 1.8685288429260254 0.30240941047668457
Pedestrian 0.0 0 1.1342666149139404 660.1094970703125 144.3685760498047 697.1389770507812 218.9903564453125 0.73868525 1.8137443 0.6670401 1.8854623 0.9124275 17.914927 1.2391259670257568 0.2505076825618744
Pedestrian 0.0 0 1.825325608253479 291.22003173828125 137.73316955566406 323.1817932128906 196.8056182861328 1.363935 1.8230909 0.62136996 -9.385013 0.4734743 22.88411 1.436133861541748 0.1910075843334198
Cyclist 0.0 0 1.7868486642837524 362.3167724609375 161.50259399414062 430.8277893066406 276.241943359375 1.6325572 1.6889383 0.7160364 -3.2574596 1.3958906 11.408039 1.50870943069458 0.8539481163024902
Cyclist 0.0 0 1.7597391605377197 714.5179443359375 157.54139709472656 748.89111328125 228.2087860107422 1.4829999 1.605602 0.53991187 3.0822616 1.0624616 17.107334 1.937998652458191 0.2909344732761383
Cyclist 0.0 0 1.825325608253479 291.22003173828125 137.73316955566406 323.1817932128906 196.8056182861328 1.363935 1.8230909 0.62136996 -9.385013 0.4734743 22.88411 1.436133861541748 0.25547459721565247
Car 0.0 0 1.8826813697814941 132.70179748535156 188.1093292236328 362.6613464355469 324.6962890625 4.3963757 1.4986284 1.6255707 -4.7923765 1.6164037 10.379238 1.450118064880371 0.9477276802062988
