Pedestrian 0.0 0 1.073791265487671 895.1253051757812 127.04985809326172 1013.8136596679688 312.466796875 0.9415251 1.7376261 0.7003586 3.4264433 1.2384188 7.108062 1.522976279258728 0.8261000514030457
Pedestrian 0.0 0 1.1982060670852661 741.6644897460938 153.27516174316406 834.878662109375 337.7240295410156 0.8786341 1.6795013 0.59595406 1.714002 1.4333051 6.907148 1.4414418935775757 0.8080281615257263
Pedestrian 0.0 0 -2.7596988677978516 524.2088012695312 147.56443786621094 565.6932373046875 210.82847595214844 1.0649941 1.808196 0.5882831 -1.7833204 0.86841136 20.640276 -2.8458847999572754 0.7453215718269348
Pedestrian 0.0 0 1.3535757064819336 620.71337890625 146.67996215820312 706.067138671875 340.7075500488281 0.91396135 1.6617831 0.5953287 0.46439704 1.3738291 6.5461793 1.4243987798690796 0.6897872686386108
Pedestrian 0.0 0 0.4198141098022461 760.0497436523438 143.0681610107422 944.0742797851562 370.0 0.6674668 1.7181419 0.6972209 1.2125607 1.5538614 3.6133132 0.743586540222168 0.5774761438369751
Pedestrian 0.0 0 0.143833190202713 631.673583984375 140.7462921142578 664.7438354492188 200.26168823242188 0.9495861 1.8277159 0.66067326 1.3261887 0.6084379 22.12803 0.20369410514831543 0.5108221769332886
Pedestrian 0.0 0 3.0036427974700928 547.9661254882812 142.00306701660156 570.7171020507812 188.18679809570312 0.84138644 1.8625313 0.6877863 -1.8955046 0.3114918 28.931204 2.938218593597412 0.4503116011619568
Pedestrian 0.0 0 -2.1624138355255127 479.34600830078125 151.67098999023438 499.816162109375 189.9232940673828 0.8124243 1.8473059 0.64695233 -5.6748815 0.45651728 34.657864 -2.324713706970215 0.33316758275032043
Pedestrian 0.0 0 -2.1130456924438477 804.4335327148438 131.64744567871094 904.9306030273438 314.9465026855469 0.83388966 1.7135394 0.6001352 2.4246135 1.2585481 7.075518 -1.7829099893569946 0.31490176916122437
Pedestrian 0.0 0 -2.7245936393737793 508.7652282714844 143.9045867919922 549.6087646484375 209.0728302001953 1.0144528 1.8169777 0.5668513 -2.1901953 0.79822415 20.132614 -2.832955837249756 0.2765052318572998
Pedestrian 0.0 0 0.6954445838928223 303.6646423339844 137.83157348632812 343.9003601074219 201.4353790283203 0.84009737 1.7865951 0.67008287 -8.106496 0.58963764 20.304506 0.31558823585510254 0.24614939093589783
Pedestrian 0.0 0 1.0479247570037842 227.3917694091797 132.28492736816406 310.5643310546875 245.37840270996094 1.4316373 1.7741638 0.6108987 -5.6374984 1.0194422 11.743346 0.6003568172454834 0.24532219767570496
Pedestrian 0.0 0 -0.7346257567405701 508.79327392578125 146.49044799804688 530.224853515625 192.03311157226562 0.6101691 1.90042 0.6691569 -3.643154 0.4827413 29.948738 -0.8556773066520691 0.2114344984292984
Pedestrian 0.0 0 2.39585018157959 312.9137268066406 142.1862335205078 402.58056640625 239.40965270996094 1.6453753 1.7253112 0.5874725 -4.695673 1.0470442 13.406561 2.058950901031494 0.1913624256849289
Cyclist 0.0 0 2.39585018157959 312.9137268066406 142.1862335205078 402.58056640625 239.40965270996094 1.6453753 1.7253112 0.5874725 -4.695673 1.0470442 13.406561 2.058950901031494 0.29901784658432007
Cyclist 0.0 0 1.0242910385131836 225.5562286376953 132.8275604248047 313.33660888671875 246.31735229492188 1.5263463 1.7787055 0.60946244 -5.6330914 1.0332005 11.748285 0.5771920680999756 0.2334839105606079
Cyclist 0.0 0 0.09688796103000641 632.1968994140625 137.8296661376953 664.97900390625 198.84864807128906 0.9657434 1.869357 0.6213035 1.3324578 0.5636804 22.038395 0.15727519989013672 0.130587637424469
Cyclist 0.0 0 1.350191593170166 623.3870239257812 144.1446990966797 709.1144409179688 340.05059814453125 0.9028118 1.6769329 0.5975444 0.490341 1.3674392 6.537293 1.425058126449585 0.11152752488851547
Car 0.0 0 -0.16730576753616333 367.4050598144531 174.16311645507812 444.2357482910156 203.17559814453125 3.8168721 1.5184926 1.6140283 -10.866045 1.1882387 38.54734 -0.44206464290618896 0.28333935141563416
