Pedestrian 0.0 0 2.5686848163604736 994.16259765625 116.5953140258789 1068.09033203125 249.42135620117188 0.75957674 1.7859991 0.43036047 5.808941 0.9283985 9.730338 3.1068902015686035 0.6134198307991028
Pedestrian 0.0 0 -3.2432267665863037 787.0693969726562 162.17295837402344 806.5657958984375 195.3281707763672 0.96566325 1.7597384 0.4440748 10.246134 0.78842646 37.819622 -2.978656530380249 0.40716686844825745
Pedestrian 0.0 0 3.5295112133026123 124.19280242919922 101.89227294921875 205.46063232421875 237.99227905273438 0.80005974 1.826431 0.5850985 -6.1560907 0.77320474 9.839859 2.9704604148864746 0.2842666804790497
Pedestrian 0.0 0 2.999192476272583 508.53521728515625 163.22927856445312 520.798095703125 185.0343475341797 0.9825711 1.8652524 0.5234602 -7.7586775 0.3890737 60.860516 2.8723936080932617 0.24473987519741058
Pedestrian 0.0 0 -3.1105661392211914 769.3480834960938 155.69456481933594 799.599609375 187.65628051757812 1.6662552 1.8114667 0.5464741 10.289828 0.40697616 40.560295 -2.8621156215667725 0.20452702045440674
Pedestrian 0.0 0 -2.272754669189453 975.1618041992188 146.32888793945312 1038.0941162109375 215.52996826171875 1.6182455 1.707617 0.47943062 10.317525 0.8660022 18.281967 -1.758957028388977 0.16717669367790222
Cyclist 0.0 0 -2.258669853210449 971.9290771484375 145.1690216064453 1035.45458984375 214.73667907714844 1.6894691 1.7237225 0.4686297 10.298745 0.8499006 18.386852 -1.7480943202972412 0.3908693492412567
Cyclist 0.0 0 -3.1149909496307373 768.9140625 155.66773986816406 800.4284057617188 187.91358947753906 1.7383996 1.827093 0.5529443 10.300976 0.4214496 40.559746 -2.866278886795044 0.2690492570400238
Car 0.0 0 1.5214098691940308 436.1580810546875 171.31112670898438 467.57659912109375 200.81236267089844 3.811524 1.6387843 1.6005526 -8.993144 1.1297383 41.31985 1.3071049451828003 0.900140106678009
Car 0.0 0 -0.8139486908912659 0.0 204.41001892089844 301.8296203613281 370.0 3.818088 1.478378 1.5534037 -3.1720753 1.6630301 3.4821322 -1.5527849197387695 0.8930758833885193
Car 0.0 0 -0.3402329683303833 853.7806396484375 161.68081665039062 992.0831298828125 206.17384338378906 3.9626763 1.4470631 1.5993279 10.645809 0.83654505 23.942572 0.07815408706665039 0.8770049214363098
Car 0.0 0 1.8968580961227417 268.8881530761719 179.3143310546875 338.7419128417969 216.33316040039062 4.572761 1.6760367 1.7466027 -14.535061 1.6238163 34.35169 1.4965765476226807 0.7372146248817444
Car 0.0 0 1.7387911081314087 385.6931457519531 171.4563751220703 418.8475341796875 194.79281616210938 3.809504 1.5119767 1.5405495 -13.654066 0.92736924 47.782974 1.4604568481445312 0.4155414402484894
Car 0.0 0 1.7262753248214722 90.00946807861328 180.57801818847656 129.1074981689453 206.07794189453125 3.8785906 1.6699026 1.6127968 -33.86158 1.6767652 48.40539 1.1158571243286133 0.26583367586135864
