Pedestrian 0.0 0 0.40252208709716797 448.5992126464844 175.4579315185547 465.54010009765625 204.3621368408203 0.8891972 1.7681177 0.5225295 -9.122678 1.4610417 43.589294 0.1962127685546875 0.537834644317627
Pedestrian 0.0 0 -2.9881114959716797 565.2820434570312 172.3948211669922 580.03466796875 201.13632202148438 0.8606788 1.815907 0.5763009 -2.0580726 1.3051594 44.999622 -3.0338149070739746 0.5316905379295349
Pedestrian 0.0 0 -1.5579556226730347 926.2941284179688 134.4135284423828 947.337158203125 193.27566528320312 0.95497715 1.8430141 0.59971243 10.625211 0.40156767 22.693653 -1.1200685501098633 0.4034961760044098
Pedestrian 0.0 0 -2.767832040786743 503.9246520996094 170.88023376464844 518.830322265625 198.96572875976562 0.7977251 1.7757174 0.5466546 -5.967243 1.1688458 45.059464 -2.89949631690979 0.26677605509757996
Pedestrian 0.0 0 -2.7630741596221924 454.37603759765625 174.52796936035156 471.1489562988281 203.5364227294922 0.8976008 1.8159434 0.5519894 -8.975153 1.443438 44.60851 -2.9616215229034424 0.21862901747226715
Pedestrian 0.0 0 -0.7800902724266052 1047.3756103515625 143.0718231201172 1067.0714111328125 179.53704833984375 0.59292513 1.9050663 0.645666 23.864704 -0.049956404 37.33158 -0.21130001544952393 0.1945500671863556
Cyclist 0.0 0 -1.1673471927642822 385.0040588378906 181.02117919921875 406.4842224121094 214.14935302734375 1.6728003 1.6185104 0.41030875 -10.486331 1.6466736 35.41966 -1.455185055732727 0.8565047979354858
Cyclist 0.0 0 -3.1830148696899414 642.62646484375 168.50413513183594 673.0011596679688 197.81382751464844 1.8651924 1.8144941 0.59759027 3.2839391 1.0732095 44.0961 -3.10867977142334 0.7570802569389343
Cyclist 0.0 0 -0.24036023020744324 587.3896484375 167.9626922607422 615.883056640625 196.19483947753906 1.7984854 1.8509617 0.59447944 -0.22392765 1.030315 46.8573 -0.24513912200927734 0.7470363974571228
Cyclist 0.0 0 3.0790135860443115 105.49353790283203 149.0394744873047 145.8583526611328 184.75816345214844 1.7256624 1.8428522 0.6156521 -25.256931 0.22111264 37.245613 2.4831247329711914 0.1867167204618454
Cyclist 0.0 0 -1.5579556226730347 926.2941284179688 134.4135284423828 947.337158203125 193.27566528320312 0.95497715 1.8430141 0.59971243 10.625211 0.40156767 22.693653 -1.1200685501098633 0.14220009744167328
Car 0.0 0 -1.4809247255325317 518.5965576171875 176.619140625 554.0784301757812 204.2852783203125 3.7947352 1.456547 1.621712 -3.761518 1.2536422 39.121433 -1.576779842376709 0.9216969013214111
Car 0.0 0 2.6084842681884766 924.8630981445312 141.82342529296875 1056.91748046875 184.1778106689453 3.841742 1.4463875 1.5514687 13.545328 0.12712966 24.98551 3.1052632331848145 0.8211297988891602
Car 0.0 0 2.7970502376556396 820.14453125 160.76516723632812 884.6268310546875 181.17906188964844 4.426616 1.5676489 1.7201878 19.277798 0.053401057 55.1702 3.133211851119995 0.29766422510147095
Car 0.0 0 -1.8478972911834717 84.5071029663086 155.9740447998047 145.66236877441406 187.20867919921875 4.1435 1.6034015 1.6440506 -26.540264 0.34580472 38.240234 -2.4546122550964355 0.19919246435165405
