Pedestrian 0.0 0 -1.2457739114761353 275.8719787597656 180.2146759033203 320.382080078125 261.8493347167969 0.771051 1.6223977 0.62355137 -6.3058558 1.6183561 14.4577875 -1.6570559740066528 0.4898271858692169
Pedestrian 0.0 0 -0.5360772609710693 998.693115234375 121.14100646972656 1067.5084228515625 251.36607360839844 0.70087445 1.7543571 0.40539473 5.833125 0.95635986 9.724375 0.004228830337524414 0.46110400557518005
Pedestrian 0.0 0 -1.5563459396362305 1019.8733520507812 141.0028533935547 1037.369140625 182.5879669189453 0.5087054 1.9336311 0.6992919 19.92058 0.09853977 33.271748 -1.0168654918670654 0.28417521715164185
Pedestrian 0.0 0 -0.40808039903640747 787.8084106445312 160.9054412841797 807.0283813476562 194.7866973876953 0.82381696 1.7911315 0.58646494 10.25253 0.75667644 37.721985 -0.14269916713237762 0.2727610468864441
Pedestrian 0.0 0 -3.0865514278411865 769.278076171875 156.6385040283203 800.9929809570312 189.27635192871094 1.733138 1.8461771 0.5632195 10.316454 0.4978258 40.517975 -2.8372347354888916 0.19613869488239288
Cyclist 0.0 0 0.9117417335510254 874.4675903320312 157.2487335205078 909.8592529296875 194.00477600097656 1.8794227 1.6901098 0.5045564 13.561548 0.6224306 33.47934 1.2966129779815674 0.41743168234825134
Cyclist 0.0 0 -1.8462188243865967 985.9663696289062 148.86305236816406 1025.28369140625 216.7335662841797 1.6710112 1.6732144 0.44182166 10.305481 0.89486456 18.289965 -1.3331079483032227 0.40955865383148193
Cyclist 0.0 0 -3.1618762016296387 771.6506958007812 158.8443145751953 802.5283813476562 190.78456115722656 1.7025001 1.8106413 0.5543868 10.42419 0.5844008 40.541542 -2.9102041721343994 0.36703652143478394
Car 0.0 0 1.9197500944137573 245.14784240722656 183.12901306152344 323.39837646484375 220.2088623046875 4.691431 1.5376213 1.7261219 -14.429952 1.6672137 32.05785 1.4967944622039795 0.8901811838150024
Car 0.0 0 -0.818716824054718 0.0 204.5972442626953 302.34912109375 370.0 3.8383915 1.4757518 1.5519569 -3.1615891 1.6617863 3.4737473 -1.5571048259735107 0.8744770884513855
Car 0.0 0 -0.36889663338661194 905.3984985351562 159.12892150878906 1048.5704345703125 205.88031005859375 3.9369502 1.5013318 1.5960149 12.345629 0.81658816 23.711962 0.11113405227661133 0.84676593542099
Car 0.0 0 1.5865225791931152 437.3839111328125 173.6194305419922 469.54412841796875 202.0369873046875 3.9160545 1.5082347 1.6768265 -8.464291 1.144465 39.604286 1.3759686946868896 0.8380997180938721
Car 0.0 0 -1.1592804193496704 368.28076171875 174.11363220214844 418.75762939453125 199.788330078125 3.9890614 1.5456334 1.591331 -13.287671 1.1625329 44.63648 -1.4486132860183716 0.4639573097229004
